1000
1000000 1100000
1000010 1100010
1000020 1100020
1000030 1100030
1000040 1100040
1000050 1100050
1000060 1100060
1000070 1100070
1000080 1100080
1000090 1100090
1000100 1100100
1000110 1100110
1000120 1100120
1000130 1100130
1000140 1100140
1000150 1100150
1000160 1100160
1000170 1100170
1000180 1100180
1000190 1100190
1000200 1100200
1000210 1100210
1000220 1100220
1000230 1100230
1000240 1100240
1000250 1100250
1000260 1100260
1000270 1100270
1000280 1100280
1000290 1100290
1000300 1100300
1000310 1100310
1000320 1100320
1000330 1100330
1000340 1100340
1000350 1100350
1000360 1100360
1000370 1100370
1000380 1100380
1000390 1100390
1000400 1100400
1000410 1100410
1000420 1100420
1000430 1100430
1000440 1100440
1000450 1100450
1000460 1100460
1000470 1100470
1000480 1100480
1000490 1100490
1000500 1100500
1000510 1100510
1000520 1100520
1000530 1100530
1000540 1100540
1000550 1100550
1000560 1100560
1000570 1100570
1000580 1100580
1000590 1100590
1000600 1100600
1000610 1100610
1000620 1100620
1000630 1100630
1000640 1100640
1000650 1100650
1000660 1100660
1000670 1100670
1000680 1100680
1000690 1100690
1000700 1100700
1000710 1100710
1000720 1100720
1000730 1100730
1000740 1100740
1000750 1100750
1000760 1100760
1000770 1100770
1000780 1100780
1000790 1100790
1000800 1100800
1000810 1100810
1000820 1100820
1000830 1100830
1000840 1100840
1000850 1100850
1000860 1100860
1000870 1100870
1000880 1100880
1000890 1100890
1000900 1100900
1000910 1100910
1000920 1100920
1000930 1100930
1000940 1100940
1000950 1100950
1000960 1100960
1000970 1100970
1000980 1100980
1000990 1100990
1001000 1101000
1001010 1101010
1001020 1101020
1001030 1101030
1001040 1101040
1001050 1101050
1001060 1101060
1001070 1101070
1001080 1101080
1001090 1101090
1001100 1101100
1001110 1101110
1001120 1101120
1001130 1101130
1001140 1101140
1001150 1101150
1001160 1101160
1001170 1101170
1001180 1101180
1001190 1101190
1001200 1101200
1001210 1101210
1001220 1101220
1001230 1101230
1001240 1101240
1001250 1101250
1001260 1101260
1001270 1101270
1001280 1101280
1001290 1101290
1001300 1101300
1001310 1101310
1001320 1101320
1001330 1101330
1001340 1101340
1001350 1101350
1001360 1101360
1001370 1101370
1001380 1101380
1001390 1101390
1001400 1101400
1001410 1101410
1001420 1101420
1001430 1101430
1001440 1101440
1001450 1101450
1001460 1101460
1001470 1101470
1001480 1101480
1001490 1101490
1001500 1101500
1001510 1101510
1001520 1101520
1001530 1101530
1001540 1101540
1001550 1101550
1001560 1101560
1001570 1101570
1001580 1101580
1001590 1101590
1001600 1101600
1001610 1101610
1001620 1101620
1001630 1101630
1001640 1101640
1001650 1101650
1001660 1101660
1001670 1101670
1001680 1101680
1001690 1101690
1001700 1101700
1001710 1101710
1001720 1101720
1001730 1101730
1001740 1101740
1001750 1101750
1001760 1101760
1001770 1101770
1001780 1101780
1001790 1101790
1001800 1101800
1001810 1101810
1001820 1101820
1001830 1101830
1001840 1101840
1001850 1101850
1001860 1101860
1001870 1101870
1001880 1101880
1001890 1101890
1001900 1101900
1001910 1101910
1001920 1101920
1001930 1101930
1001940 1101940
1001950 1101950
1001960 1101960
1001970 1101970
1001980 1101980
1001990 1101990
1002000 1102000
1002010 1102010
1002020 1102020
1002030 1102030
1002040 1102040
1002050 1102050
1002060 1102060
1002070 1102070
1002080 1102080
1002090 1102090
1002100 1102100
1002110 1102110
1002120 1102120
1002130 1102130
1002140 1102140
1002150 1102150
1002160 1102160
1002170 1102170
1002180 1102180
1002190 1102190
1002200 1102200
1002210 1102210
1002220 1102220
1002230 1102230
1002240 1102240
1002250 1102250
1002260 1102260
1002270 1102270
1002280 1102280
1002290 1102290
1002300 1102300
1002310 1102310
1002320 1102320
1002330 1102330
1002340 1102340
1002350 1102350
1002360 1102360
1002370 1102370
1002380 1102380
1002390 1102390
1002400 1102400
1002410 1102410
1002420 1102420
1002430 1102430
1002440 1102440
1002450 1102450
1002460 1102460
1002470 1102470
1002480 1102480
1002490 1102490
1002500 1102500
1002510 1102510
1002520 1102520
1002530 1102530
1002540 1102540
1002550 1102550
1002560 1102560
1002570 1102570
1002580 1102580
1002590 1102590
1002600 1102600
1002610 1102610
1002620 1102620
1002630 1102630
1002640 1102640
1002650 1102650
1002660 1102660
1002670 1102670
1002680 1102680
1002690 1102690
1002700 1102700
1002710 1102710
1002720 1102720
1002730 1102730
1002740 1102740
1002750 1102750
1002760 1102760
1002770 1102770
1002780 1102780
1002790 1102790
1002800 1102800
1002810 1102810
1002820 1102820
1002830 1102830
1002840 1102840
1002850 1102850
1002860 1102860
1002870 1102870
1002880 1102880
1002890 1102890
1002900 1102900
1002910 1102910
1002920 1102920
1002930 1102930
1002940 1102940
1002950 1102950
1002960 1102960
1002970 1102970
1002980 1102980
1002990 1102990
1003000 1103000
1003010 1103010
1003020 1103020
1003030 1103030
1003040 1103040
1003050 1103050
1003060 1103060
1003070 1103070
1003080 1103080
1003090 1103090
1003100 1103100
1003110 1103110
1003120 1103120
1003130 1103130
1003140 1103140
1003150 1103150
1003160 1103160
1003170 1103170
1003180 1103180
1003190 1103190
1003200 1103200
1003210 1103210
1003220 1103220
1003230 1103230
1003240 1103240
1003250 1103250
1003260 1103260
1003270 1103270
1003280 1103280
1003290 1103290
1003300 1103300
1003310 1103310
1003320 1103320
1003330 1103330
1003340 1103340
1003350 1103350
1003360 1103360
1003370 1103370
1003380 1103380
1003390 1103390
1003400 1103400
1003410 1103410
1003420 1103420
1003430 1103430
1003440 1103440
1003450 1103450
1003460 1103460
1003470 1103470
1003480 1103480
1003490 1103490
1003500 1103500
1003510 1103510
1003520 1103520
1003530 1103530
1003540 1103540
1003550 1103550
1003560 1103560
1003570 1103570
1003580 1103580
1003590 1103590
1003600 1103600
1003610 1103610
1003620 1103620
1003630 1103630
1003640 1103640
1003650 1103650
1003660 1103660
1003670 1103670
1003680 1103680
1003690 1103690
1003700 1103700
1003710 1103710
1003720 1103720
1003730 1103730
1003740 1103740
1003750 1103750
1003760 1103760
1003770 1103770
1003780 1103780
1003790 1103790
1003800 1103800
1003810 1103810
1003820 1103820
1003830 1103830
1003840 1103840
1003850 1103850
1003860 1103860
1003870 1103870
1003880 1103880
1003890 1103890
1003900 1103900
1003910 1103910
1003920 1103920
1003930 1103930
1003940 1103940
1003950 1103950
1003960 1103960
1003970 1103970
1003980 1103980
1003990 1103990
1004000 1104000
1004010 1104010
1004020 1104020
1004030 1104030
1004040 1104040
1004050 1104050
1004060 1104060
1004070 1104070
1004080 1104080
1004090 1104090
1004100 1104100
1004110 1104110
1004120 1104120
1004130 1104130
1004140 1104140
1004150 1104150
1004160 1104160
1004170 1104170
1004180 1104180
1004190 1104190
1004200 1104200
1004210 1104210
1004220 1104220
1004230 1104230
1004240 1104240
1004250 1104250
1004260 1104260
1004270 1104270
1004280 1104280
1004290 1104290
1004300 1104300
1004310 1104310
1004320 1104320
1004330 1104330
1004340 1104340
1004350 1104350
1004360 1104360
1004370 1104370
1004380 1104380
1004390 1104390
1004400 1104400
1004410 1104410
1004420 1104420
1004430 1104430
1004440 1104440
1004450 1104450
1004460 1104460
1004470 1104470
1004480 1104480
1004490 1104490
1004500 1104500
1004510 1104510
1004520 1104520
1004530 1104530
1004540 1104540
1004550 1104550
1004560 1104560
1004570 1104570
1004580 1104580
1004590 1104590
1004600 1104600
1004610 1104610
1004620 1104620
1004630 1104630
1004640 1104640
1004650 1104650
1004660 1104660
1004670 1104670
1004680 1104680
1004690 1104690
1004700 1104700
1004710 1104710
1004720 1104720
1004730 1104730
1004740 1104740
1004750 1104750
1004760 1104760
1004770 1104770
1004780 1104780
1004790 1104790
1004800 1104800
1004810 1104810
1004820 1104820
1004830 1104830
1004840 1104840
1004850 1104850
1004860 1104860
1004870 1104870
1004880 1104880
1004890 1104890
1004900 1104900
1004910 1104910
1004920 1104920
1004930 1104930
1004940 1104940
1004950 1104950
1004960 1104960
1004970 1104970
1004980 1104980
1004990 1104990
1005000 1105000
1005010 1105010
1005020 1105020
1005030 1105030
1005040 1105040
1005050 1105050
1005060 1105060
1005070 1105070
1005080 1105080
1005090 1105090
1005100 1105100
1005110 1105110
1005120 1105120
1005130 1105130
1005140 1105140
1005150 1105150
1005160 1105160
1005170 1105170
1005180 1105180
1005190 1105190
1005200 1105200
1005210 1105210
1005220 1105220
1005230 1105230
1005240 1105240
1005250 1105250
1005260 1105260
1005270 1105270
1005280 1105280
1005290 1105290
1005300 1105300
1005310 1105310
1005320 1105320
1005330 1105330
1005340 1105340
1005350 1105350
1005360 1105360
1005370 1105370
1005380 1105380
1005390 1105390
1005400 1105400
1005410 1105410
1005420 1105420
1005430 1105430
1005440 1105440
1005450 1105450
1005460 1105460
1005470 1105470
1005480 1105480
1005490 1105490
1005500 1105500
1005510 1105510
1005520 1105520
1005530 1105530
1005540 1105540
1005550 1105550
1005560 1105560
1005570 1105570
1005580 1105580
1005590 1105590
1005600 1105600
1005610 1105610
1005620 1105620
1005630 1105630
1005640 1105640
1005650 1105650
1005660 1105660
1005670 1105670
1005680 1105680
1005690 1105690
1005700 1105700
1005710 1105710
1005720 1105720
1005730 1105730
1005740 1105740
1005750 1105750
1005760 1105760
1005770 1105770
1005780 1105780
1005790 1105790
1005800 1105800
1005810 1105810
1005820 1105820
1005830 1105830
1005840 1105840
1005850 1105850
1005860 1105860
1005870 1105870
1005880 1105880
1005890 1105890
1005900 1105900
1005910 1105910
1005920 1105920
1005930 1105930
1005940 1105940
1005950 1105950
1005960 1105960
1005970 1105970
1005980 1105980
1005990 1105990
1006000 1106000
1006010 1106010
1006020 1106020
1006030 1106030
1006040 1106040
1006050 1106050
1006060 1106060
1006070 1106070
1006080 1106080
1006090 1106090
1006100 1106100
1006110 1106110
1006120 1106120
1006130 1106130
1006140 1106140
1006150 1106150
1006160 1106160
1006170 1106170
1006180 1106180
1006190 1106190
1006200 1106200
1006210 1106210
1006220 1106220
1006230 1106230
1006240 1106240
1006250 1106250
1006260 1106260
1006270 1106270
1006280 1106280
1006290 1106290
1006300 1106300
1006310 1106310
1006320 1106320
1006330 1106330
1006340 1106340
1006350 1106350
1006360 1106360
1006370 1106370
1006380 1106380
1006390 1106390
1006400 1106400
1006410 1106410
1006420 1106420
1006430 1106430
1006440 1106440
1006450 1106450
1006460 1106460
1006470 1106470
1006480 1106480
1006490 1106490
1006500 1106500
1006510 1106510
1006520 1106520
1006530 1106530
1006540 1106540
1006550 1106550
1006560 1106560
1006570 1106570
1006580 1106580
1006590 1106590
1006600 1106600
1006610 1106610
1006620 1106620
1006630 1106630
1006640 1106640
1006650 1106650
1006660 1106660
1006670 1106670
1006680 1106680
1006690 1106690
1006700 1106700
1006710 1106710
1006720 1106720
1006730 1106730
1006740 1106740
1006750 1106750
1006760 1106760
1006770 1106770
1006780 1106780
1006790 1106790
1006800 1106800
1006810 1106810
1006820 1106820
1006830 1106830
1006840 1106840
1006850 1106850
1006860 1106860
1006870 1106870
1006880 1106880
1006890 1106890
1006900 1106900
1006910 1106910
1006920 1106920
1006930 1106930
1006940 1106940
1006950 1106950
1006960 1106960
1006970 1106970
1006980 1106980
1006990 1106990
1007000 1107000
1007010 1107010
1007020 1107020
1007030 1107030
1007040 1107040
1007050 1107050
1007060 1107060
1007070 1107070
1007080 1107080
1007090 1107090
1007100 1107100
1007110 1107110
1007120 1107120
1007130 1107130
1007140 1107140
1007150 1107150
1007160 1107160
1007170 1107170
1007180 1107180
1007190 1107190
1007200 1107200
1007210 1107210
1007220 1107220
1007230 1107230
1007240 1107240
1007250 1107250
1007260 1107260
1007270 1107270
1007280 1107280
1007290 1107290
1007300 1107300
1007310 1107310
1007320 1107320
1007330 1107330
1007340 1107340
1007350 1107350
1007360 1107360
1007370 1107370
1007380 1107380
1007390 1107390
1007400 1107400
1007410 1107410
1007420 1107420
1007430 1107430
1007440 1107440
1007450 1107450
1007460 1107460
1007470 1107470
1007480 1107480
1007490 1107490
1007500 1107500
1007510 1107510
1007520 1107520
1007530 1107530
1007540 1107540
1007550 1107550
1007560 1107560
1007570 1107570
1007580 1107580
1007590 1107590
1007600 1107600
1007610 1107610
1007620 1107620
1007630 1107630
1007640 1107640
1007650 1107650
1007660 1107660
1007670 1107670
1007680 1107680
1007690 1107690
1007700 1107700
1007710 1107710
1007720 1107720
1007730 1107730
1007740 1107740
1007750 1107750
1007760 1107760
1007770 1107770
1007780 1107780
1007790 1107790
1007800 1107800
1007810 1107810
1007820 1107820
1007830 1107830
1007840 1107840
1007850 1107850
1007860 1107860
1007870 1107870
1007880 1107880
1007890 1107890
1007900 1107900
1007910 1107910
1007920 1107920
1007930 1107930
1007940 1107940
1007950 1107950
1007960 1107960
1007970 1107970
1007980 1107980
1007990 1107990
1008000 1108000
1008010 1108010
1008020 1108020
1008030 1108030
1008040 1108040
1008050 1108050
1008060 1108060
1008070 1108070
1008080 1108080
1008090 1108090
1008100 1108100
1008110 1108110
1008120 1108120
1008130 1108130
1008140 1108140
1008150 1108150
1008160 1108160
1008170 1108170
1008180 1108180
1008190 1108190
1008200 1108200
1008210 1108210
1008220 1108220
1008230 1108230
1008240 1108240
1008250 1108250
1008260 1108260
1008270 1108270
1008280 1108280
1008290 1108290
1008300 1108300
1008310 1108310
1008320 1108320
1008330 1108330
1008340 1108340
1008350 1108350
1008360 1108360
1008370 1108370
1008380 1108380
1008390 1108390
1008400 1108400
1008410 1108410
1008420 1108420
1008430 1108430
1008440 1108440
1008450 1108450
1008460 1108460
1008470 1108470
1008480 1108480
1008490 1108490
1008500 1108500
1008510 1108510
1008520 1108520
1008530 1108530
1008540 1108540
1008550 1108550
1008560 1108560
1008570 1108570
1008580 1108580
1008590 1108590
1008600 1108600
1008610 1108610
1008620 1108620
1008630 1108630
1008640 1108640
1008650 1108650
1008660 1108660
1008670 1108670
1008680 1108680
1008690 1108690
1008700 1108700
1008710 1108710
1008720 1108720
1008730 1108730
1008740 1108740
1008750 1108750
1008760 1108760
1008770 1108770
1008780 1108780
1008790 1108790
1008800 1108800
1008810 1108810
1008820 1108820
1008830 1108830
1008840 1108840
1008850 1108850
1008860 1108860
1008870 1108870
1008880 1108880
1008890 1108890
1008900 1108900
1008910 1108910
1008920 1108920
1008930 1108930
1008940 1108940
1008950 1108950
1008960 1108960
1008970 1108970
1008980 1108980
1008990 1108990
1009000 1109000
1009010 1109010
1009020 1109020
1009030 1109030
1009040 1109040
1009050 1109050
1009060 1109060
1009070 1109070
1009080 1109080
1009090 1109090
1009100 1109100
1009110 1109110
1009120 1109120
1009130 1109130
1009140 1109140
1009150 1109150
1009160 1109160
1009170 1109170
1009180 1109180
1009190 1109190
1009200 1109200
1009210 1109210
1009220 1109220
1009230 1109230
1009240 1109240
1009250 1109250
1009260 1109260
1009270 1109270
1009280 1109280
1009290 1109290
1009300 1109300
1009310 1109310
1009320 1109320
1009330 1109330
1009340 1109340
1009350 1109350
1009360 1109360
1009370 1109370
1009380 1109380
1009390 1109390
1009400 1109400
1009410 1109410
1009420 1109420
1009430 1109430
1009440 1109440
1009450 1109450
1009460 1109460
1009470 1109470
1009480 1109480
1009490 1109490
1009500 1109500
1009510 1109510
1009520 1109520
1009530 1109530
1009540 1109540
1009550 1109550
1009560 1109560
1009570 1109570
1009580 1109580
1009590 1109590
1009600 1109600
1009610 1109610
1009620 1109620
1009630 1109630
1009640 1109640
1009650 1109650
1009660 1109660
1009670 1109670
1009680 1109680
1009690 1109690
1009700 1109700
1009710 1109710
1009720 1109720
1009730 1109730
1009740 1109740
1009750 1109750
1009760 1109760
1009770 1109770
1009780 1109780
1009790 1109790
1009800 1109800
1009810 1109810
1009820 1109820
1009830 1109830
1009840 1109840
1009850 1109850
1009860 1109860
1009870 1109870
1009880 1109880
1009890 1109890
1009900 1109900
1009910 1109910
1009920 1109920
1009930 1109930
1009940 1109940
1009950 1109950
1009960 1109960
1009970 1109970
1009980 1109980
1009990 1109990
