5000
1000000 1100000
1000010 1100010
1000020 1100020
1000030 1100030
1000040 1100040
1000050 1100050
1000060 1100060
1000070 1100070
1000080 1100080
1000090 1100090
1000100 1100100
1000110 1100110
1000120 1100120
1000130 1100130
1000140 1100140
1000150 1100150
1000160 1100160
1000170 1100170
1000180 1100180
1000190 1100190
1000200 1100200
1000210 1100210
1000220 1100220
1000230 1100230
1000240 1100240
1000250 1100250
1000260 1100260
1000270 1100270
1000280 1100280
1000290 1100290
1000300 1100300
1000310 1100310
1000320 1100320
1000330 1100330
1000340 1100340
1000350 1100350
1000360 1100360
1000370 1100370
1000380 1100380
1000390 1100390
1000400 1100400
1000410 1100410
1000420 1100420
1000430 1100430
1000440 1100440
1000450 1100450
1000460 1100460
1000470 1100470
1000480 1100480
1000490 1100490
1000500 1100500
1000510 1100510
1000520 1100520
1000530 1100530
1000540 1100540
1000550 1100550
1000560 1100560
1000570 1100570
1000580 1100580
1000590 1100590
1000600 1100600
1000610 1100610
1000620 1100620
1000630 1100630
1000640 1100640
1000650 1100650
1000660 1100660
1000670 1100670
1000680 1100680
1000690 1100690
1000700 1100700
1000710 1100710
1000720 1100720
1000730 1100730
1000740 1100740
1000750 1100750
1000760 1100760
1000770 1100770
1000780 1100780
1000790 1100790
1000800 1100800
1000810 1100810
1000820 1100820
1000830 1100830
1000840 1100840
1000850 1100850
1000860 1100860
1000870 1100870
1000880 1100880
1000890 1100890
1000900 1100900
1000910 1100910
1000920 1100920
1000930 1100930
1000940 1100940
1000950 1100950
1000960 1100960
1000970 1100970
1000980 1100980
1000990 1100990
1001000 1101000
1001010 1101010
1001020 1101020
1001030 1101030
1001040 1101040
1001050 1101050
1001060 1101060
1001070 1101070
1001080 1101080
1001090 1101090
1001100 1101100
1001110 1101110
1001120 1101120
1001130 1101130
1001140 1101140
1001150 1101150
1001160 1101160
1001170 1101170
1001180 1101180
1001190 1101190
1001200 1101200
1001210 1101210
1001220 1101220
1001230 1101230
1001240 1101240
1001250 1101250
1001260 1101260
1001270 1101270
1001280 1101280
1001290 1101290
1001300 1101300
1001310 1101310
1001320 1101320
1001330 1101330
1001340 1101340
1001350 1101350
1001360 1101360
1001370 1101370
1001380 1101380
1001390 1101390
1001400 1101400
1001410 1101410
1001420 1101420
1001430 1101430
1001440 1101440
1001450 1101450
1001460 1101460
1001470 1101470
1001480 1101480
1001490 1101490
1001500 1101500
1001510 1101510
1001520 1101520
1001530 1101530
1001540 1101540
1001550 1101550
1001560 1101560
1001570 1101570
1001580 1101580
1001590 1101590
1001600 1101600
1001610 1101610
1001620 1101620
1001630 1101630
1001640 1101640
1001650 1101650
1001660 1101660
1001670 1101670
1001680 1101680
1001690 1101690
1001700 1101700
1001710 1101710
1001720 1101720
1001730 1101730
1001740 1101740
1001750 1101750
1001760 1101760
1001770 1101770
1001780 1101780
1001790 1101790
1001800 1101800
1001810 1101810
1001820 1101820
1001830 1101830
1001840 1101840
1001850 1101850
1001860 1101860
1001870 1101870
1001880 1101880
1001890 1101890
1001900 1101900
1001910 1101910
1001920 1101920
1001930 1101930
1001940 1101940
1001950 1101950
1001960 1101960
1001970 1101970
1001980 1101980
1001990 1101990
1002000 1102000
1002010 1102010
1002020 1102020
1002030 1102030
1002040 1102040
1002050 1102050
1002060 1102060
1002070 1102070
1002080 1102080
1002090 1102090
1002100 1102100
1002110 1102110
1002120 1102120
1002130 1102130
1002140 1102140
1002150 1102150
1002160 1102160
1002170 1102170
1002180 1102180
1002190 1102190
1002200 1102200
1002210 1102210
1002220 1102220
1002230 1102230
1002240 1102240
1002250 1102250
1002260 1102260
1002270 1102270
1002280 1102280
1002290 1102290
1002300 1102300
1002310 1102310
1002320 1102320
1002330 1102330
1002340 1102340
1002350 1102350
1002360 1102360
1002370 1102370
1002380 1102380
1002390 1102390
1002400 1102400
1002410 1102410
1002420 1102420
1002430 1102430
1002440 1102440
1002450 1102450
1002460 1102460
1002470 1102470
1002480 1102480
1002490 1102490
1002500 1102500
1002510 1102510
1002520 1102520
1002530 1102530
1002540 1102540
1002550 1102550
1002560 1102560
1002570 1102570
1002580 1102580
1002590 1102590
1002600 1102600
1002610 1102610
1002620 1102620
1002630 1102630
1002640 1102640
1002650 1102650
1002660 1102660
1002670 1102670
1002680 1102680
1002690 1102690
1002700 1102700
1002710 1102710
1002720 1102720
1002730 1102730
1002740 1102740
1002750 1102750
1002760 1102760
1002770 1102770
1002780 1102780
1002790 1102790
1002800 1102800
1002810 1102810
1002820 1102820
1002830 1102830
1002840 1102840
1002850 1102850
1002860 1102860
1002870 1102870
1002880 1102880
1002890 1102890
1002900 1102900
1002910 1102910
1002920 1102920
1002930 1102930
1002940 1102940
1002950 1102950
1002960 1102960
1002970 1102970
1002980 1102980
1002990 1102990
1003000 1103000
1003010 1103010
1003020 1103020
1003030 1103030
1003040 1103040
1003050 1103050
1003060 1103060
1003070 1103070
1003080 1103080
1003090 1103090
1003100 1103100
1003110 1103110
1003120 1103120
1003130 1103130
1003140 1103140
1003150 1103150
1003160 1103160
1003170 1103170
1003180 1103180
1003190 1103190
1003200 1103200
1003210 1103210
1003220 1103220
1003230 1103230
1003240 1103240
1003250 1103250
1003260 1103260
1003270 1103270
1003280 1103280
1003290 1103290
1003300 1103300
1003310 1103310
1003320 1103320
1003330 1103330
1003340 1103340
1003350 1103350
1003360 1103360
1003370 1103370
1003380 1103380
1003390 1103390
1003400 1103400
1003410 1103410
1003420 1103420
1003430 1103430
1003440 1103440
1003450 1103450
1003460 1103460
1003470 1103470
1003480 1103480
1003490 1103490
1003500 1103500
1003510 1103510
1003520 1103520
1003530 1103530
1003540 1103540
1003550 1103550
1003560 1103560
1003570 1103570
1003580 1103580
1003590 1103590
1003600 1103600
1003610 1103610
1003620 1103620
1003630 1103630
1003640 1103640
1003650 1103650
1003660 1103660
1003670 1103670
1003680 1103680
1003690 1103690
1003700 1103700
1003710 1103710
1003720 1103720
1003730 1103730
1003740 1103740
1003750 1103750
1003760 1103760
1003770 1103770
1003780 1103780
1003790 1103790
1003800 1103800
1003810 1103810
1003820 1103820
1003830 1103830
1003840 1103840
1003850 1103850
1003860 1103860
1003870 1103870
1003880 1103880
1003890 1103890
1003900 1103900
1003910 1103910
1003920 1103920
1003930 1103930
1003940 1103940
1003950 1103950
1003960 1103960
1003970 1103970
1003980 1103980
1003990 1103990
1004000 1104000
1004010 1104010
1004020 1104020
1004030 1104030
1004040 1104040
1004050 1104050
1004060 1104060
1004070 1104070
1004080 1104080
1004090 1104090
1004100 1104100
1004110 1104110
1004120 1104120
1004130 1104130
1004140 1104140
1004150 1104150
1004160 1104160
1004170 1104170
1004180 1104180
1004190 1104190
1004200 1104200
1004210 1104210
1004220 1104220
1004230 1104230
1004240 1104240
1004250 1104250
1004260 1104260
1004270 1104270
1004280 1104280
1004290 1104290
1004300 1104300
1004310 1104310
1004320 1104320
1004330 1104330
1004340 1104340
1004350 1104350
1004360 1104360
1004370 1104370
1004380 1104380
1004390 1104390
1004400 1104400
1004410 1104410
1004420 1104420
1004430 1104430
1004440 1104440
1004450 1104450
1004460 1104460
1004470 1104470
1004480 1104480
1004490 1104490
1004500 1104500
1004510 1104510
1004520 1104520
1004530 1104530
1004540 1104540
1004550 1104550
1004560 1104560
1004570 1104570
1004580 1104580
1004590 1104590
1004600 1104600
1004610 1104610
1004620 1104620
1004630 1104630
1004640 1104640
1004650 1104650
1004660 1104660
1004670 1104670
1004680 1104680
1004690 1104690
1004700 1104700
1004710 1104710
1004720 1104720
1004730 1104730
1004740 1104740
1004750 1104750
1004760 1104760
1004770 1104770
1004780 1104780
1004790 1104790
1004800 1104800
1004810 1104810
1004820 1104820
1004830 1104830
1004840 1104840
1004850 1104850
1004860 1104860
1004870 1104870
1004880 1104880
1004890 1104890
1004900 1104900
1004910 1104910
1004920 1104920
1004930 1104930
1004940 1104940
1004950 1104950
1004960 1104960
1004970 1104970
1004980 1104980
1004990 1104990
1005000 1105000
1005010 1105010
1005020 1105020
1005030 1105030
1005040 1105040
1005050 1105050
1005060 1105060
1005070 1105070
1005080 1105080
1005090 1105090
1005100 1105100
1005110 1105110
1005120 1105120
1005130 1105130
1005140 1105140
1005150 1105150
1005160 1105160
1005170 1105170
1005180 1105180
1005190 1105190
1005200 1105200
1005210 1105210
1005220 1105220
1005230 1105230
1005240 1105240
1005250 1105250
1005260 1105260
1005270 1105270
1005280 1105280
1005290 1105290
1005300 1105300
1005310 1105310
1005320 1105320
1005330 1105330
1005340 1105340
1005350 1105350
1005360 1105360
1005370 1105370
1005380 1105380
1005390 1105390
1005400 1105400
1005410 1105410
1005420 1105420
1005430 1105430
1005440 1105440
1005450 1105450
1005460 1105460
1005470 1105470
1005480 1105480
1005490 1105490
1005500 1105500
1005510 1105510
1005520 1105520
1005530 1105530
1005540 1105540
1005550 1105550
1005560 1105560
1005570 1105570
1005580 1105580
1005590 1105590
1005600 1105600
1005610 1105610
1005620 1105620
1005630 1105630
1005640 1105640
1005650 1105650
1005660 1105660
1005670 1105670
1005680 1105680
1005690 1105690
1005700 1105700
1005710 1105710
1005720 1105720
1005730 1105730
1005740 1105740
1005750 1105750
1005760 1105760
1005770 1105770
1005780 1105780
1005790 1105790
1005800 1105800
1005810 1105810
1005820 1105820
1005830 1105830
1005840 1105840
1005850 1105850
1005860 1105860
1005870 1105870
1005880 1105880
1005890 1105890
1005900 1105900
1005910 1105910
1005920 1105920
1005930 1105930
1005940 1105940
1005950 1105950
1005960 1105960
1005970 1105970
1005980 1105980
1005990 1105990
1006000 1106000
1006010 1106010
1006020 1106020
1006030 1106030
1006040 1106040
1006050 1106050
1006060 1106060
1006070 1106070
1006080 1106080
1006090 1106090
1006100 1106100
1006110 1106110
1006120 1106120
1006130 1106130
1006140 1106140
1006150 1106150
1006160 1106160
1006170 1106170
1006180 1106180
1006190 1106190
1006200 1106200
1006210 1106210
1006220 1106220
1006230 1106230
1006240 1106240
1006250 1106250
1006260 1106260
1006270 1106270
1006280 1106280
1006290 1106290
1006300 1106300
1006310 1106310
1006320 1106320
1006330 1106330
1006340 1106340
1006350 1106350
1006360 1106360
1006370 1106370
1006380 1106380
1006390 1106390
1006400 1106400
1006410 1106410
1006420 1106420
1006430 1106430
1006440 1106440
1006450 1106450
1006460 1106460
1006470 1106470
1006480 1106480
1006490 1106490
1006500 1106500
1006510 1106510
1006520 1106520
1006530 1106530
1006540 1106540
1006550 1106550
1006560 1106560
1006570 1106570
1006580 1106580
1006590 1106590
1006600 1106600
1006610 1106610
1006620 1106620
1006630 1106630
1006640 1106640
1006650 1106650
1006660 1106660
1006670 1106670
1006680 1106680
1006690 1106690
1006700 1106700
1006710 1106710
1006720 1106720
1006730 1106730
1006740 1106740
1006750 1106750
1006760 1106760
1006770 1106770
1006780 1106780
1006790 1106790
1006800 1106800
1006810 1106810
1006820 1106820
1006830 1106830
1006840 1106840
1006850 1106850
1006860 1106860
1006870 1106870
1006880 1106880
1006890 1106890
1006900 1106900
1006910 1106910
1006920 1106920
1006930 1106930
1006940 1106940
1006950 1106950
1006960 1106960
1006970 1106970
1006980 1106980
1006990 1106990
1007000 1107000
1007010 1107010
1007020 1107020
1007030 1107030
1007040 1107040
1007050 1107050
1007060 1107060
1007070 1107070
1007080 1107080
1007090 1107090
1007100 1107100
1007110 1107110
1007120 1107120
1007130 1107130
1007140 1107140
1007150 1107150
1007160 1107160
1007170 1107170
1007180 1107180
1007190 1107190
1007200 1107200
1007210 1107210
1007220 1107220
1007230 1107230
1007240 1107240
1007250 1107250
1007260 1107260
1007270 1107270
1007280 1107280
1007290 1107290
1007300 1107300
1007310 1107310
1007320 1107320
1007330 1107330
1007340 1107340
1007350 1107350
1007360 1107360
1007370 1107370
1007380 1107380
1007390 1107390
1007400 1107400
1007410 1107410
1007420 1107420
1007430 1107430
1007440 1107440
1007450 1107450
1007460 1107460
1007470 1107470
1007480 1107480
1007490 1107490
1007500 1107500
1007510 1107510
1007520 1107520
1007530 1107530
1007540 1107540
1007550 1107550
1007560 1107560
1007570 1107570
1007580 1107580
1007590 1107590
1007600 1107600
1007610 1107610
1007620 1107620
1007630 1107630
1007640 1107640
1007650 1107650
1007660 1107660
1007670 1107670
1007680 1107680
1007690 1107690
1007700 1107700
1007710 1107710
1007720 1107720
1007730 1107730
1007740 1107740
1007750 1107750
1007760 1107760
1007770 1107770
1007780 1107780
1007790 1107790
1007800 1107800
1007810 1107810
1007820 1107820
1007830 1107830
1007840 1107840
1007850 1107850
1007860 1107860
1007870 1107870
1007880 1107880
1007890 1107890
1007900 1107900
1007910 1107910
1007920 1107920
1007930 1107930
1007940 1107940
1007950 1107950
1007960 1107960
1007970 1107970
1007980 1107980
1007990 1107990
1008000 1108000
1008010 1108010
1008020 1108020
1008030 1108030
1008040 1108040
1008050 1108050
1008060 1108060
1008070 1108070
1008080 1108080
1008090 1108090
1008100 1108100
1008110 1108110
1008120 1108120
1008130 1108130
1008140 1108140
1008150 1108150
1008160 1108160
1008170 1108170
1008180 1108180
1008190 1108190
1008200 1108200
1008210 1108210
1008220 1108220
1008230 1108230
1008240 1108240
1008250 1108250
1008260 1108260
1008270 1108270
1008280 1108280
1008290 1108290
1008300 1108300
1008310 1108310
1008320 1108320
1008330 1108330
1008340 1108340
1008350 1108350
1008360 1108360
1008370 1108370
1008380 1108380
1008390 1108390
1008400 1108400
1008410 1108410
1008420 1108420
1008430 1108430
1008440 1108440
1008450 1108450
1008460 1108460
1008470 1108470
1008480 1108480
1008490 1108490
1008500 1108500
1008510 1108510
1008520 1108520
1008530 1108530
1008540 1108540
1008550 1108550
1008560 1108560
1008570 1108570
1008580 1108580
1008590 1108590
1008600 1108600
1008610 1108610
1008620 1108620
1008630 1108630
1008640 1108640
1008650 1108650
1008660 1108660
1008670 1108670
1008680 1108680
1008690 1108690
1008700 1108700
1008710 1108710
1008720 1108720
1008730 1108730
1008740 1108740
1008750 1108750
1008760 1108760
1008770 1108770
1008780 1108780
1008790 1108790
1008800 1108800
1008810 1108810
1008820 1108820
1008830 1108830
1008840 1108840
1008850 1108850
1008860 1108860
1008870 1108870
1008880 1108880
1008890 1108890
1008900 1108900
1008910 1108910
1008920 1108920
1008930 1108930
1008940 1108940
1008950 1108950
1008960 1108960
1008970 1108970
1008980 1108980
1008990 1108990
1009000 1109000
1009010 1109010
1009020 1109020
1009030 1109030
1009040 1109040
1009050 1109050
1009060 1109060
1009070 1109070
1009080 1109080
1009090 1109090
1009100 1109100
1009110 1109110
1009120 1109120
1009130 1109130
1009140 1109140
1009150 1109150
1009160 1109160
1009170 1109170
1009180 1109180
1009190 1109190
1009200 1109200
1009210 1109210
1009220 1109220
1009230 1109230
1009240 1109240
1009250 1109250
1009260 1109260
1009270 1109270
1009280 1109280
1009290 1109290
1009300 1109300
1009310 1109310
1009320 1109320
1009330 1109330
1009340 1109340
1009350 1109350
1009360 1109360
1009370 1109370
1009380 1109380
1009390 1109390
1009400 1109400
1009410 1109410
1009420 1109420
1009430 1109430
1009440 1109440
1009450 1109450
1009460 1109460
1009470 1109470
1009480 1109480
1009490 1109490
1009500 1109500
1009510 1109510
1009520 1109520
1009530 1109530
1009540 1109540
1009550 1109550
1009560 1109560
1009570 1109570
1009580 1109580
1009590 1109590
1009600 1109600
1009610 1109610
1009620 1109620
1009630 1109630
1009640 1109640
1009650 1109650
1009660 1109660
1009670 1109670
1009680 1109680
1009690 1109690
1009700 1109700
1009710 1109710
1009720 1109720
1009730 1109730
1009740 1109740
1009750 1109750
1009760 1109760
1009770 1109770
1009780 1109780
1009790 1109790
1009800 1109800
1009810 1109810
1009820 1109820
1009830 1109830
1009840 1109840
1009850 1109850
1009860 1109860
1009870 1109870
1009880 1109880
1009890 1109890
1009900 1109900
1009910 1109910
1009920 1109920
1009930 1109930
1009940 1109940
1009950 1109950
1009960 1109960
1009970 1109970
1009980 1109980
1009990 1109990
1010000 1110000
1010010 1110010
1010020 1110020
1010030 1110030
1010040 1110040
1010050 1110050
1010060 1110060
1010070 1110070
1010080 1110080
1010090 1110090
1010100 1110100
1010110 1110110
1010120 1110120
1010130 1110130
1010140 1110140
1010150 1110150
1010160 1110160
1010170 1110170
1010180 1110180
1010190 1110190
1010200 1110200
1010210 1110210
1010220 1110220
1010230 1110230
1010240 1110240
1010250 1110250
1010260 1110260
1010270 1110270
1010280 1110280
1010290 1110290
1010300 1110300
1010310 1110310
1010320 1110320
1010330 1110330
1010340 1110340
1010350 1110350
1010360 1110360
1010370 1110370
1010380 1110380
1010390 1110390
1010400 1110400
1010410 1110410
1010420 1110420
1010430 1110430
1010440 1110440
1010450 1110450
1010460 1110460
1010470 1110470
1010480 1110480
1010490 1110490
1010500 1110500
1010510 1110510
1010520 1110520
1010530 1110530
1010540 1110540
1010550 1110550
1010560 1110560
1010570 1110570
1010580 1110580
1010590 1110590
1010600 1110600
1010610 1110610
1010620 1110620
1010630 1110630
1010640 1110640
1010650 1110650
1010660 1110660
1010670 1110670
1010680 1110680
1010690 1110690
1010700 1110700
1010710 1110710
1010720 1110720
1010730 1110730
1010740 1110740
1010750 1110750
1010760 1110760
1010770 1110770
1010780 1110780
1010790 1110790
1010800 1110800
1010810 1110810
1010820 1110820
1010830 1110830
1010840 1110840
1010850 1110850
1010860 1110860
1010870 1110870
1010880 1110880
1010890 1110890
1010900 1110900
1010910 1110910
1010920 1110920
1010930 1110930
1010940 1110940
1010950 1110950
1010960 1110960
1010970 1110970
1010980 1110980
1010990 1110990
1011000 1111000
1011010 1111010
1011020 1111020
1011030 1111030
1011040 1111040
1011050 1111050
1011060 1111060
1011070 1111070
1011080 1111080
1011090 1111090
1011100 1111100
1011110 1111110
1011120 1111120
1011130 1111130
1011140 1111140
1011150 1111150
1011160 1111160
1011170 1111170
1011180 1111180
1011190 1111190
1011200 1111200
1011210 1111210
1011220 1111220
1011230 1111230
1011240 1111240
1011250 1111250
1011260 1111260
1011270 1111270
1011280 1111280
1011290 1111290
1011300 1111300
1011310 1111310
1011320 1111320
1011330 1111330
1011340 1111340
1011350 1111350
1011360 1111360
1011370 1111370
1011380 1111380
1011390 1111390
1011400 1111400
1011410 1111410
1011420 1111420
1011430 1111430
1011440 1111440
1011450 1111450
1011460 1111460
1011470 1111470
1011480 1111480
1011490 1111490
1011500 1111500
1011510 1111510
1011520 1111520
1011530 1111530
1011540 1111540
1011550 1111550
1011560 1111560
1011570 1111570
1011580 1111580
1011590 1111590
1011600 1111600
1011610 1111610
1011620 1111620
1011630 1111630
1011640 1111640
1011650 1111650
1011660 1111660
1011670 1111670
1011680 1111680
1011690 1111690
1011700 1111700
1011710 1111710
1011720 1111720
1011730 1111730
1011740 1111740
1011750 1111750
1011760 1111760
1011770 1111770
1011780 1111780
1011790 1111790
1011800 1111800
1011810 1111810
1011820 1111820
1011830 1111830
1011840 1111840
1011850 1111850
1011860 1111860
1011870 1111870
1011880 1111880
1011890 1111890
1011900 1111900
1011910 1111910
1011920 1111920
1011930 1111930
1011940 1111940
1011950 1111950
1011960 1111960
1011970 1111970
1011980 1111980
1011990 1111990
1012000 1112000
1012010 1112010
1012020 1112020
1012030 1112030
1012040 1112040
1012050 1112050
1012060 1112060
1012070 1112070
1012080 1112080
1012090 1112090
1012100 1112100
1012110 1112110
1012120 1112120
1012130 1112130
1012140 1112140
1012150 1112150
1012160 1112160
1012170 1112170
1012180 1112180
1012190 1112190
1012200 1112200
1012210 1112210
1012220 1112220
1012230 1112230
1012240 1112240
1012250 1112250
1012260 1112260
1012270 1112270
1012280 1112280
1012290 1112290
1012300 1112300
1012310 1112310
1012320 1112320
1012330 1112330
1012340 1112340
1012350 1112350
1012360 1112360
1012370 1112370
1012380 1112380
1012390 1112390
1012400 1112400
1012410 1112410
1012420 1112420
1012430 1112430
1012440 1112440
1012450 1112450
1012460 1112460
1012470 1112470
1012480 1112480
1012490 1112490
1012500 1112500
1012510 1112510
1012520 1112520
1012530 1112530
1012540 1112540
1012550 1112550
1012560 1112560
1012570 1112570
1012580 1112580
1012590 1112590
1012600 1112600
1012610 1112610
1012620 1112620
1012630 1112630
1012640 1112640
1012650 1112650
1012660 1112660
1012670 1112670
1012680 1112680
1012690 1112690
1012700 1112700
1012710 1112710
1012720 1112720
1012730 1112730
1012740 1112740
1012750 1112750
1012760 1112760
1012770 1112770
1012780 1112780
1012790 1112790
1012800 1112800
1012810 1112810
1012820 1112820
1012830 1112830
1012840 1112840
1012850 1112850
1012860 1112860
1012870 1112870
1012880 1112880
1012890 1112890
1012900 1112900
1012910 1112910
1012920 1112920
1012930 1112930
1012940 1112940
1012950 1112950
1012960 1112960
1012970 1112970
1012980 1112980
1012990 1112990
1013000 1113000
1013010 1113010
1013020 1113020
1013030 1113030
1013040 1113040
1013050 1113050
1013060 1113060
1013070 1113070
1013080 1113080
1013090 1113090
1013100 1113100
1013110 1113110
1013120 1113120
1013130 1113130
1013140 1113140
1013150 1113150
1013160 1113160
1013170 1113170
1013180 1113180
1013190 1113190
1013200 1113200
1013210 1113210
1013220 1113220
1013230 1113230
1013240 1113240
1013250 1113250
1013260 1113260
1013270 1113270
1013280 1113280
1013290 1113290
1013300 1113300
1013310 1113310
1013320 1113320
1013330 1113330
1013340 1113340
1013350 1113350
1013360 1113360
1013370 1113370
1013380 1113380
1013390 1113390
1013400 1113400
1013410 1113410
1013420 1113420
1013430 1113430
1013440 1113440
1013450 1113450
1013460 1113460
1013470 1113470
1013480 1113480
1013490 1113490
1013500 1113500
1013510 1113510
1013520 1113520
1013530 1113530
1013540 1113540
1013550 1113550
1013560 1113560
1013570 1113570
1013580 1113580
1013590 1113590
1013600 1113600
1013610 1113610
1013620 1113620
1013630 1113630
1013640 1113640
1013650 1113650
1013660 1113660
1013670 1113670
1013680 1113680
1013690 1113690
1013700 1113700
1013710 1113710
1013720 1113720
1013730 1113730
1013740 1113740
1013750 1113750
1013760 1113760
1013770 1113770
1013780 1113780
1013790 1113790
1013800 1113800
1013810 1113810
1013820 1113820
1013830 1113830
1013840 1113840
1013850 1113850
1013860 1113860
1013870 1113870
1013880 1113880
1013890 1113890
1013900 1113900
1013910 1113910
1013920 1113920
1013930 1113930
1013940 1113940
1013950 1113950
1013960 1113960
1013970 1113970
1013980 1113980
1013990 1113990
1014000 1114000
1014010 1114010
1014020 1114020
1014030 1114030
1014040 1114040
1014050 1114050
1014060 1114060
1014070 1114070
1014080 1114080
1014090 1114090
1014100 1114100
1014110 1114110
1014120 1114120
1014130 1114130
1014140 1114140
1014150 1114150
1014160 1114160
1014170 1114170
1014180 1114180
1014190 1114190
1014200 1114200
1014210 1114210
1014220 1114220
1014230 1114230
1014240 1114240
1014250 1114250
1014260 1114260
1014270 1114270
1014280 1114280
1014290 1114290
1014300 1114300
1014310 1114310
1014320 1114320
1014330 1114330
1014340 1114340
1014350 1114350
1014360 1114360
1014370 1114370
1014380 1114380
1014390 1114390
1014400 1114400
1014410 1114410
1014420 1114420
1014430 1114430
1014440 1114440
1014450 1114450
1014460 1114460
1014470 1114470
1014480 1114480
1014490 1114490
1014500 1114500
1014510 1114510
1014520 1114520
1014530 1114530
1014540 1114540
1014550 1114550
1014560 1114560
1014570 1114570
1014580 1114580
1014590 1114590
1014600 1114600
1014610 1114610
1014620 1114620
1014630 1114630
1014640 1114640
1014650 1114650
1014660 1114660
1014670 1114670
1014680 1114680
1014690 1114690
1014700 1114700
1014710 1114710
1014720 1114720
1014730 1114730
1014740 1114740
1014750 1114750
1014760 1114760
1014770 1114770
1014780 1114780
1014790 1114790
1014800 1114800
1014810 1114810
1014820 1114820
1014830 1114830
1014840 1114840
1014850 1114850
1014860 1114860
1014870 1114870
1014880 1114880
1014890 1114890
1014900 1114900
1014910 1114910
1014920 1114920
1014930 1114930
1014940 1114940
1014950 1114950
1014960 1114960
1014970 1114970
1014980 1114980
1014990 1114990
1015000 1115000
1015010 1115010
1015020 1115020
1015030 1115030
1015040 1115040
1015050 1115050
1015060 1115060
1015070 1115070
1015080 1115080
1015090 1115090
1015100 1115100
1015110 1115110
1015120 1115120
1015130 1115130
1015140 1115140
1015150 1115150
1015160 1115160
1015170 1115170
1015180 1115180
1015190 1115190
1015200 1115200
1015210 1115210
1015220 1115220
1015230 1115230
1015240 1115240
1015250 1115250
1015260 1115260
1015270 1115270
1015280 1115280
1015290 1115290
1015300 1115300
1015310 1115310
1015320 1115320
1015330 1115330
1015340 1115340
1015350 1115350
1015360 1115360
1015370 1115370
1015380 1115380
1015390 1115390
1015400 1115400
1015410 1115410
1015420 1115420
1015430 1115430
1015440 1115440
1015450 1115450
1015460 1115460
1015470 1115470
1015480 1115480
1015490 1115490
1015500 1115500
1015510 1115510
1015520 1115520
1015530 1115530
1015540 1115540
1015550 1115550
1015560 1115560
1015570 1115570
1015580 1115580
1015590 1115590
1015600 1115600
1015610 1115610
1015620 1115620
1015630 1115630
1015640 1115640
1015650 1115650
1015660 1115660
1015670 1115670
1015680 1115680
1015690 1115690
1015700 1115700
1015710 1115710
1015720 1115720
1015730 1115730
1015740 1115740
1015750 1115750
1015760 1115760
1015770 1115770
1015780 1115780
1015790 1115790
1015800 1115800
1015810 1115810
1015820 1115820
1015830 1115830
1015840 1115840
1015850 1115850
1015860 1115860
1015870 1115870
1015880 1115880
1015890 1115890
1015900 1115900
1015910 1115910
1015920 1115920
1015930 1115930
1015940 1115940
1015950 1115950
1015960 1115960
1015970 1115970
1015980 1115980
1015990 1115990
1016000 1116000
1016010 1116010
1016020 1116020
1016030 1116030
1016040 1116040
1016050 1116050
1016060 1116060
1016070 1116070
1016080 1116080
1016090 1116090
1016100 1116100
1016110 1116110
1016120 1116120
1016130 1116130
1016140 1116140
1016150 1116150
1016160 1116160
1016170 1116170
1016180 1116180
1016190 1116190
1016200 1116200
1016210 1116210
1016220 1116220
1016230 1116230
1016240 1116240
1016250 1116250
1016260 1116260
1016270 1116270
1016280 1116280
1016290 1116290
1016300 1116300
1016310 1116310
1016320 1116320
1016330 1116330
1016340 1116340
1016350 1116350
1016360 1116360
1016370 1116370
1016380 1116380
1016390 1116390
1016400 1116400
1016410 1116410
1016420 1116420
1016430 1116430
1016440 1116440
1016450 1116450
1016460 1116460
1016470 1116470
1016480 1116480
1016490 1116490
1016500 1116500
1016510 1116510
1016520 1116520
1016530 1116530
1016540 1116540
1016550 1116550
1016560 1116560
1016570 1116570
1016580 1116580
1016590 1116590
1016600 1116600
1016610 1116610
1016620 1116620
1016630 1116630
1016640 1116640
1016650 1116650
1016660 1116660
1016670 1116670
1016680 1116680
1016690 1116690
1016700 1116700
1016710 1116710
1016720 1116720
1016730 1116730
1016740 1116740
1016750 1116750
1016760 1116760
1016770 1116770
1016780 1116780
1016790 1116790
1016800 1116800
1016810 1116810
1016820 1116820
1016830 1116830
1016840 1116840
1016850 1116850
1016860 1116860
1016870 1116870
1016880 1116880
1016890 1116890
1016900 1116900
1016910 1116910
1016920 1116920
1016930 1116930
1016940 1116940
1016950 1116950
1016960 1116960
1016970 1116970
1016980 1116980
1016990 1116990
1017000 1117000
1017010 1117010
1017020 1117020
1017030 1117030
1017040 1117040
1017050 1117050
1017060 1117060
1017070 1117070
1017080 1117080
1017090 1117090
1017100 1117100
1017110 1117110
1017120 1117120
1017130 1117130
1017140 1117140
1017150 1117150
1017160 1117160
1017170 1117170
1017180 1117180
1017190 1117190
1017200 1117200
1017210 1117210
1017220 1117220
1017230 1117230
1017240 1117240
1017250 1117250
1017260 1117260
1017270 1117270
1017280 1117280
1017290 1117290
1017300 1117300
1017310 1117310
1017320 1117320
1017330 1117330
1017340 1117340
1017350 1117350
1017360 1117360
1017370 1117370
1017380 1117380
1017390 1117390
1017400 1117400
1017410 1117410
1017420 1117420
1017430 1117430
1017440 1117440
1017450 1117450
1017460 1117460
1017470 1117470
1017480 1117480
1017490 1117490
1017500 1117500
1017510 1117510
1017520 1117520
1017530 1117530
1017540 1117540
1017550 1117550
1017560 1117560
1017570 1117570
1017580 1117580
1017590 1117590
1017600 1117600
1017610 1117610
1017620 1117620
1017630 1117630
1017640 1117640
1017650 1117650
1017660 1117660
1017670 1117670
1017680 1117680
1017690 1117690
1017700 1117700
1017710 1117710
1017720 1117720
1017730 1117730
1017740 1117740
1017750 1117750
1017760 1117760
1017770 1117770
1017780 1117780
1017790 1117790
1017800 1117800
1017810 1117810
1017820 1117820
1017830 1117830
1017840 1117840
1017850 1117850
1017860 1117860
1017870 1117870
1017880 1117880
1017890 1117890
1017900 1117900
1017910 1117910
1017920 1117920
1017930 1117930
1017940 1117940
1017950 1117950
1017960 1117960
1017970 1117970
1017980 1117980
1017990 1117990
1018000 1118000
1018010 1118010
1018020 1118020
1018030 1118030
1018040 1118040
1018050 1118050
1018060 1118060
1018070 1118070
1018080 1118080
1018090 1118090
1018100 1118100
1018110 1118110
1018120 1118120
1018130 1118130
1018140 1118140
1018150 1118150
1018160 1118160
1018170 1118170
1018180 1118180
1018190 1118190
1018200 1118200
1018210 1118210
1018220 1118220
1018230 1118230
1018240 1118240
1018250 1118250
1018260 1118260
1018270 1118270
1018280 1118280
1018290 1118290
1018300 1118300
1018310 1118310
1018320 1118320
1018330 1118330
1018340 1118340
1018350 1118350
1018360 1118360
1018370 1118370
1018380 1118380
1018390 1118390
1018400 1118400
1018410 1118410
1018420 1118420
1018430 1118430
1018440 1118440
1018450 1118450
1018460 1118460
1018470 1118470
1018480 1118480
1018490 1118490
1018500 1118500
1018510 1118510
1018520 1118520
1018530 1118530
1018540 1118540
1018550 1118550
1018560 1118560
1018570 1118570
1018580 1118580
1018590 1118590
1018600 1118600
1018610 1118610
1018620 1118620
1018630 1118630
1018640 1118640
1018650 1118650
1018660 1118660
1018670 1118670
1018680 1118680
1018690 1118690
1018700 1118700
1018710 1118710
1018720 1118720
1018730 1118730
1018740 1118740
1018750 1118750
1018760 1118760
1018770 1118770
1018780 1118780
1018790 1118790
1018800 1118800
1018810 1118810
1018820 1118820
1018830 1118830
1018840 1118840
1018850 1118850
1018860 1118860
1018870 1118870
1018880 1118880
1018890 1118890
1018900 1118900
1018910 1118910
1018920 1118920
1018930 1118930
1018940 1118940
1018950 1118950
1018960 1118960
1018970 1118970
1018980 1118980
1018990 1118990
1019000 1119000
1019010 1119010
1019020 1119020
1019030 1119030
1019040 1119040
1019050 1119050
1019060 1119060
1019070 1119070
1019080 1119080
1019090 1119090
1019100 1119100
1019110 1119110
1019120 1119120
1019130 1119130
1019140 1119140
1019150 1119150
1019160 1119160
1019170 1119170
1019180 1119180
1019190 1119190
1019200 1119200
1019210 1119210
1019220 1119220
1019230 1119230
1019240 1119240
1019250 1119250
1019260 1119260
1019270 1119270
1019280 1119280
1019290 1119290
1019300 1119300
1019310 1119310
1019320 1119320
1019330 1119330
1019340 1119340
1019350 1119350
1019360 1119360
1019370 1119370
1019380 1119380
1019390 1119390
1019400 1119400
1019410 1119410
1019420 1119420
1019430 1119430
1019440 1119440
1019450 1119450
1019460 1119460
1019470 1119470
1019480 1119480
1019490 1119490
1019500 1119500
1019510 1119510
1019520 1119520
1019530 1119530
1019540 1119540
1019550 1119550
1019560 1119560
1019570 1119570
1019580 1119580
1019590 1119590
1019600 1119600
1019610 1119610
1019620 1119620
1019630 1119630
1019640 1119640
1019650 1119650
1019660 1119660
1019670 1119670
1019680 1119680
1019690 1119690
1019700 1119700
1019710 1119710
1019720 1119720
1019730 1119730
1019740 1119740
1019750 1119750
1019760 1119760
1019770 1119770
1019780 1119780
1019790 1119790
1019800 1119800
1019810 1119810
1019820 1119820
1019830 1119830
1019840 1119840
1019850 1119850
1019860 1119860
1019870 1119870
1019880 1119880
1019890 1119890
1019900 1119900
1019910 1119910
1019920 1119920
1019930 1119930
1019940 1119940
1019950 1119950
1019960 1119960
1019970 1119970
1019980 1119980
1019990 1119990
1020000 1120000
1020010 1120010
1020020 1120020
1020030 1120030
1020040 1120040
1020050 1120050
1020060 1120060
1020070 1120070
1020080 1120080
1020090 1120090
1020100 1120100
1020110 1120110
1020120 1120120
1020130 1120130
1020140 1120140
1020150 1120150
1020160 1120160
1020170 1120170
1020180 1120180
1020190 1120190
1020200 1120200
1020210 1120210
1020220 1120220
1020230 1120230
1020240 1120240
1020250 1120250
1020260 1120260
1020270 1120270
1020280 1120280
1020290 1120290
1020300 1120300
1020310 1120310
1020320 1120320
1020330 1120330
1020340 1120340
1020350 1120350
1020360 1120360
1020370 1120370
1020380 1120380
1020390 1120390
1020400 1120400
1020410 1120410
1020420 1120420
1020430 1120430
1020440 1120440
1020450 1120450
1020460 1120460
1020470 1120470
1020480 1120480
1020490 1120490
1020500 1120500
1020510 1120510
1020520 1120520
1020530 1120530
1020540 1120540
1020550 1120550
1020560 1120560
1020570 1120570
1020580 1120580
1020590 1120590
1020600 1120600
1020610 1120610
1020620 1120620
1020630 1120630
1020640 1120640
1020650 1120650
1020660 1120660
1020670 1120670
1020680 1120680
1020690 1120690
1020700 1120700
1020710 1120710
1020720 1120720
1020730 1120730
1020740 1120740
1020750 1120750
1020760 1120760
1020770 1120770
1020780 1120780
1020790 1120790
1020800 1120800
1020810 1120810
1020820 1120820
1020830 1120830
1020840 1120840
1020850 1120850
1020860 1120860
1020870 1120870
1020880 1120880
1020890 1120890
1020900 1120900
1020910 1120910
1020920 1120920
1020930 1120930
1020940 1120940
1020950 1120950
1020960 1120960
1020970 1120970
1020980 1120980
1020990 1120990
1021000 1121000
1021010 1121010
1021020 1121020
1021030 1121030
1021040 1121040
1021050 1121050
1021060 1121060
1021070 1121070
1021080 1121080
1021090 1121090
1021100 1121100
1021110 1121110
1021120 1121120
1021130 1121130
1021140 1121140
1021150 1121150
1021160 1121160
1021170 1121170
1021180 1121180
1021190 1121190
1021200 1121200
1021210 1121210
1021220 1121220
1021230 1121230
1021240 1121240
1021250 1121250
1021260 1121260
1021270 1121270
1021280 1121280
1021290 1121290
1021300 1121300
1021310 1121310
1021320 1121320
1021330 1121330
1021340 1121340
1021350 1121350
1021360 1121360
1021370 1121370
1021380 1121380
1021390 1121390
1021400 1121400
1021410 1121410
1021420 1121420
1021430 1121430
1021440 1121440
1021450 1121450
1021460 1121460
1021470 1121470
1021480 1121480
1021490 1121490
1021500 1121500
1021510 1121510
1021520 1121520
1021530 1121530
1021540 1121540
1021550 1121550
1021560 1121560
1021570 1121570
1021580 1121580
1021590 1121590
1021600 1121600
1021610 1121610
1021620 1121620
1021630 1121630
1021640 1121640
1021650 1121650
1021660 1121660
1021670 1121670
1021680 1121680
1021690 1121690
1021700 1121700
1021710 1121710
1021720 1121720
1021730 1121730
1021740 1121740
1021750 1121750
1021760 1121760
1021770 1121770
1021780 1121780
1021790 1121790
1021800 1121800
1021810 1121810
1021820 1121820
1021830 1121830
1021840 1121840
1021850 1121850
1021860 1121860
1021870 1121870
1021880 1121880
1021890 1121890
1021900 1121900
1021910 1121910
1021920 1121920
1021930 1121930
1021940 1121940
1021950 1121950
1021960 1121960
1021970 1121970
1021980 1121980
1021990 1121990
1022000 1122000
1022010 1122010
1022020 1122020
1022030 1122030
1022040 1122040
1022050 1122050
1022060 1122060
1022070 1122070
1022080 1122080
1022090 1122090
1022100 1122100
1022110 1122110
1022120 1122120
1022130 1122130
1022140 1122140
1022150 1122150
1022160 1122160
1022170 1122170
1022180 1122180
1022190 1122190
1022200 1122200
1022210 1122210
1022220 1122220
1022230 1122230
1022240 1122240
1022250 1122250
1022260 1122260
1022270 1122270
1022280 1122280
1022290 1122290
1022300 1122300
1022310 1122310
1022320 1122320
1022330 1122330
1022340 1122340
1022350 1122350
1022360 1122360
1022370 1122370
1022380 1122380
1022390 1122390
1022400 1122400
1022410 1122410
1022420 1122420
1022430 1122430
1022440 1122440
1022450 1122450
1022460 1122460
1022470 1122470
1022480 1122480
1022490 1122490
1022500 1122500
1022510 1122510
1022520 1122520
1022530 1122530
1022540 1122540
1022550 1122550
1022560 1122560
1022570 1122570
1022580 1122580
1022590 1122590
1022600 1122600
1022610 1122610
1022620 1122620
1022630 1122630
1022640 1122640
1022650 1122650
1022660 1122660
1022670 1122670
1022680 1122680
1022690 1122690
1022700 1122700
1022710 1122710
1022720 1122720
1022730 1122730
1022740 1122740
1022750 1122750
1022760 1122760
1022770 1122770
1022780 1122780
1022790 1122790
1022800 1122800
1022810 1122810
1022820 1122820
1022830 1122830
1022840 1122840
1022850 1122850
1022860 1122860
1022870 1122870
1022880 1122880
1022890 1122890
1022900 1122900
1022910 1122910
1022920 1122920
1022930 1122930
1022940 1122940
1022950 1122950
1022960 1122960
1022970 1122970
1022980 1122980
1022990 1122990
1023000 1123000
1023010 1123010
1023020 1123020
1023030 1123030
1023040 1123040
1023050 1123050
1023060 1123060
1023070 1123070
1023080 1123080
1023090 1123090
1023100 1123100
1023110 1123110
1023120 1123120
1023130 1123130
1023140 1123140
1023150 1123150
1023160 1123160
1023170 1123170
1023180 1123180
1023190 1123190
1023200 1123200
1023210 1123210
1023220 1123220
1023230 1123230
1023240 1123240
1023250 1123250
1023260 1123260
1023270 1123270
1023280 1123280
1023290 1123290
1023300 1123300
1023310 1123310
1023320 1123320
1023330 1123330
1023340 1123340
1023350 1123350
1023360 1123360
1023370 1123370
1023380 1123380
1023390 1123390
1023400 1123400
1023410 1123410
1023420 1123420
1023430 1123430
1023440 1123440
1023450 1123450
1023460 1123460
1023470 1123470
1023480 1123480
1023490 1123490
1023500 1123500
1023510 1123510
1023520 1123520
1023530 1123530
1023540 1123540
1023550 1123550
1023560 1123560
1023570 1123570
1023580 1123580
1023590 1123590
1023600 1123600
1023610 1123610
1023620 1123620
1023630 1123630
1023640 1123640
1023650 1123650
1023660 1123660
1023670 1123670
1023680 1123680
1023690 1123690
1023700 1123700
1023710 1123710
1023720 1123720
1023730 1123730
1023740 1123740
1023750 1123750
1023760 1123760
1023770 1123770
1023780 1123780
1023790 1123790
1023800 1123800
1023810 1123810
1023820 1123820
1023830 1123830
1023840 1123840
1023850 1123850
1023860 1123860
1023870 1123870
1023880 1123880
1023890 1123890
1023900 1123900
1023910 1123910
1023920 1123920
1023930 1123930
1023940 1123940
1023950 1123950
1023960 1123960
1023970 1123970
1023980 1123980
1023990 1123990
1024000 1124000
1024010 1124010
1024020 1124020
1024030 1124030
1024040 1124040
1024050 1124050
1024060 1124060
1024070 1124070
1024080 1124080
1024090 1124090
1024100 1124100
1024110 1124110
1024120 1124120
1024130 1124130
1024140 1124140
1024150 1124150
1024160 1124160
1024170 1124170
1024180 1124180
1024190 1124190
1024200 1124200
1024210 1124210
1024220 1124220
1024230 1124230
1024240 1124240
1024250 1124250
1024260 1124260
1024270 1124270
1024280 1124280
1024290 1124290
1024300 1124300
1024310 1124310
1024320 1124320
1024330 1124330
1024340 1124340
1024350 1124350
1024360 1124360
1024370 1124370
1024380 1124380
1024390 1124390
1024400 1124400
1024410 1124410
1024420 1124420
1024430 1124430
1024440 1124440
1024450 1124450
1024460 1124460
1024470 1124470
1024480 1124480
1024490 1124490
1024500 1124500
1024510 1124510
1024520 1124520
1024530 1124530
1024540 1124540
1024550 1124550
1024560 1124560
1024570 1124570
1024580 1124580
1024590 1124590
1024600 1124600
1024610 1124610
1024620 1124620
1024630 1124630
1024640 1124640
1024650 1124650
1024660 1124660
1024670 1124670
1024680 1124680
1024690 1124690
1024700 1124700
1024710 1124710
1024720 1124720
1024730 1124730
1024740 1124740
1024750 1124750
1024760 1124760
1024770 1124770
1024780 1124780
1024790 1124790
1024800 1124800
1024810 1124810
1024820 1124820
1024830 1124830
1024840 1124840
1024850 1124850
1024860 1124860
1024870 1124870
1024880 1124880
1024890 1124890
1024900 1124900
1024910 1124910
1024920 1124920
1024930 1124930
1024940 1124940
1024950 1124950
1024960 1124960
1024970 1124970
1024980 1124980
1024990 1124990
1025000 1125000
1025010 1125010
1025020 1125020
1025030 1125030
1025040 1125040
1025050 1125050
1025060 1125060
1025070 1125070
1025080 1125080
1025090 1125090
1025100 1125100
1025110 1125110
1025120 1125120
1025130 1125130
1025140 1125140
1025150 1125150
1025160 1125160
1025170 1125170
1025180 1125180
1025190 1125190
1025200 1125200
1025210 1125210
1025220 1125220
1025230 1125230
1025240 1125240
1025250 1125250
1025260 1125260
1025270 1125270
1025280 1125280
1025290 1125290
1025300 1125300
1025310 1125310
1025320 1125320
1025330 1125330
1025340 1125340
1025350 1125350
1025360 1125360
1025370 1125370
1025380 1125380
1025390 1125390
1025400 1125400
1025410 1125410
1025420 1125420
1025430 1125430
1025440 1125440
1025450 1125450
1025460 1125460
1025470 1125470
1025480 1125480
1025490 1125490
1025500 1125500
1025510 1125510
1025520 1125520
1025530 1125530
1025540 1125540
1025550 1125550
1025560 1125560
1025570 1125570
1025580 1125580
1025590 1125590
1025600 1125600
1025610 1125610
1025620 1125620
1025630 1125630
1025640 1125640
1025650 1125650
1025660 1125660
1025670 1125670
1025680 1125680
1025690 1125690
1025700 1125700
1025710 1125710
1025720 1125720
1025730 1125730
1025740 1125740
1025750 1125750
1025760 1125760
1025770 1125770
1025780 1125780
1025790 1125790
1025800 1125800
1025810 1125810
1025820 1125820
1025830 1125830
1025840 1125840
1025850 1125850
1025860 1125860
1025870 1125870
1025880 1125880
1025890 1125890
1025900 1125900
1025910 1125910
1025920 1125920
1025930 1125930
1025940 1125940
1025950 1125950
1025960 1125960
1025970 1125970
1025980 1125980
1025990 1125990
1026000 1126000
1026010 1126010
1026020 1126020
1026030 1126030
1026040 1126040
1026050 1126050
1026060 1126060
1026070 1126070
1026080 1126080
1026090 1126090
1026100 1126100
1026110 1126110
1026120 1126120
1026130 1126130
1026140 1126140
1026150 1126150
1026160 1126160
1026170 1126170
1026180 1126180
1026190 1126190
1026200 1126200
1026210 1126210
1026220 1126220
1026230 1126230
1026240 1126240
1026250 1126250
1026260 1126260
1026270 1126270
1026280 1126280
1026290 1126290
1026300 1126300
1026310 1126310
1026320 1126320
1026330 1126330
1026340 1126340
1026350 1126350
1026360 1126360
1026370 1126370
1026380 1126380
1026390 1126390
1026400 1126400
1026410 1126410
1026420 1126420
1026430 1126430
1026440 1126440
1026450 1126450
1026460 1126460
1026470 1126470
1026480 1126480
1026490 1126490
1026500 1126500
1026510 1126510
1026520 1126520
1026530 1126530
1026540 1126540
1026550 1126550
1026560 1126560
1026570 1126570
1026580 1126580
1026590 1126590
1026600 1126600
1026610 1126610
1026620 1126620
1026630 1126630
1026640 1126640
1026650 1126650
1026660 1126660
1026670 1126670
1026680 1126680
1026690 1126690
1026700 1126700
1026710 1126710
1026720 1126720
1026730 1126730
1026740 1126740
1026750 1126750
1026760 1126760
1026770 1126770
1026780 1126780
1026790 1126790
1026800 1126800
1026810 1126810
1026820 1126820
1026830 1126830
1026840 1126840
1026850 1126850
1026860 1126860
1026870 1126870
1026880 1126880
1026890 1126890
1026900 1126900
1026910 1126910
1026920 1126920
1026930 1126930
1026940 1126940
1026950 1126950
1026960 1126960
1026970 1126970
1026980 1126980
1026990 1126990
1027000 1127000
1027010 1127010
1027020 1127020
1027030 1127030
1027040 1127040
1027050 1127050
1027060 1127060
1027070 1127070
1027080 1127080
1027090 1127090
1027100 1127100
1027110 1127110
1027120 1127120
1027130 1127130
1027140 1127140
1027150 1127150
1027160 1127160
1027170 1127170
1027180 1127180
1027190 1127190
1027200 1127200
1027210 1127210
1027220 1127220
1027230 1127230
1027240 1127240
1027250 1127250
1027260 1127260
1027270 1127270
1027280 1127280
1027290 1127290
1027300 1127300
1027310 1127310
1027320 1127320
1027330 1127330
1027340 1127340
1027350 1127350
1027360 1127360
1027370 1127370
1027380 1127380
1027390 1127390
1027400 1127400
1027410 1127410
1027420 1127420
1027430 1127430
1027440 1127440
1027450 1127450
1027460 1127460
1027470 1127470
1027480 1127480
1027490 1127490
1027500 1127500
1027510 1127510
1027520 1127520
1027530 1127530
1027540 1127540
1027550 1127550
1027560 1127560
1027570 1127570
1027580 1127580
1027590 1127590
1027600 1127600
1027610 1127610
1027620 1127620
1027630 1127630
1027640 1127640
1027650 1127650
1027660 1127660
1027670 1127670
1027680 1127680
1027690 1127690
1027700 1127700
1027710 1127710
1027720 1127720
1027730 1127730
1027740 1127740
1027750 1127750
1027760 1127760
1027770 1127770
1027780 1127780
1027790 1127790
1027800 1127800
1027810 1127810
1027820 1127820
1027830 1127830
1027840 1127840
1027850 1127850
1027860 1127860
1027870 1127870
1027880 1127880
1027890 1127890
1027900 1127900
1027910 1127910
1027920 1127920
1027930 1127930
1027940 1127940
1027950 1127950
1027960 1127960
1027970 1127970
1027980 1127980
1027990 1127990
1028000 1128000
1028010 1128010
1028020 1128020
1028030 1128030
1028040 1128040
1028050 1128050
1028060 1128060
1028070 1128070
1028080 1128080
1028090 1128090
1028100 1128100
1028110 1128110
1028120 1128120
1028130 1128130
1028140 1128140
1028150 1128150
1028160 1128160
1028170 1128170
1028180 1128180
1028190 1128190
1028200 1128200
1028210 1128210
1028220 1128220
1028230 1128230
1028240 1128240
1028250 1128250
1028260 1128260
1028270 1128270
1028280 1128280
1028290 1128290
1028300 1128300
1028310 1128310
1028320 1128320
1028330 1128330
1028340 1128340
1028350 1128350
1028360 1128360
1028370 1128370
1028380 1128380
1028390 1128390
1028400 1128400
1028410 1128410
1028420 1128420
1028430 1128430
1028440 1128440
1028450 1128450
1028460 1128460
1028470 1128470
1028480 1128480
1028490 1128490
1028500 1128500
1028510 1128510
1028520 1128520
1028530 1128530
1028540 1128540
1028550 1128550
1028560 1128560
1028570 1128570
1028580 1128580
1028590 1128590
1028600 1128600
1028610 1128610
1028620 1128620
1028630 1128630
1028640 1128640
1028650 1128650
1028660 1128660
1028670 1128670
1028680 1128680
1028690 1128690
1028700 1128700
1028710 1128710
1028720 1128720
1028730 1128730
1028740 1128740
1028750 1128750
1028760 1128760
1028770 1128770
1028780 1128780
1028790 1128790
1028800 1128800
1028810 1128810
1028820 1128820
1028830 1128830
1028840 1128840
1028850 1128850
1028860 1128860
1028870 1128870
1028880 1128880
1028890 1128890
1028900 1128900
1028910 1128910
1028920 1128920
1028930 1128930
1028940 1128940
1028950 1128950
1028960 1128960
1028970 1128970
1028980 1128980
1028990 1128990
1029000 1129000
1029010 1129010
1029020 1129020
1029030 1129030
1029040 1129040
1029050 1129050
1029060 1129060
1029070 1129070
1029080 1129080
1029090 1129090
1029100 1129100
1029110 1129110
1029120 1129120
1029130 1129130
1029140 1129140
1029150 1129150
1029160 1129160
1029170 1129170
1029180 1129180
1029190 1129190
1029200 1129200
1029210 1129210
1029220 1129220
1029230 1129230
1029240 1129240
1029250 1129250
1029260 1129260
1029270 1129270
1029280 1129280
1029290 1129290
1029300 1129300
1029310 1129310
1029320 1129320
1029330 1129330
1029340 1129340
1029350 1129350
1029360 1129360
1029370 1129370
1029380 1129380
1029390 1129390
1029400 1129400
1029410 1129410
1029420 1129420
1029430 1129430
1029440 1129440
1029450 1129450
1029460 1129460
1029470 1129470
1029480 1129480
1029490 1129490
1029500 1129500
1029510 1129510
1029520 1129520
1029530 1129530
1029540 1129540
1029550 1129550
1029560 1129560
1029570 1129570
1029580 1129580
1029590 1129590
1029600 1129600
1029610 1129610
1029620 1129620
1029630 1129630
1029640 1129640
1029650 1129650
1029660 1129660
1029670 1129670
1029680 1129680
1029690 1129690
1029700 1129700
1029710 1129710
1029720 1129720
1029730 1129730
1029740 1129740
1029750 1129750
1029760 1129760
1029770 1129770
1029780 1129780
1029790 1129790
1029800 1129800
1029810 1129810
1029820 1129820
1029830 1129830
1029840 1129840
1029850 1129850
1029860 1129860
1029870 1129870
1029880 1129880
1029890 1129890
1029900 1129900
1029910 1129910
1029920 1129920
1029930 1129930
1029940 1129940
1029950 1129950
1029960 1129960
1029970 1129970
1029980 1129980
1029990 1129990
1030000 1130000
1030010 1130010
1030020 1130020
1030030 1130030
1030040 1130040
1030050 1130050
1030060 1130060
1030070 1130070
1030080 1130080
1030090 1130090
1030100 1130100
1030110 1130110
1030120 1130120
1030130 1130130
1030140 1130140
1030150 1130150
1030160 1130160
1030170 1130170
1030180 1130180
1030190 1130190
1030200 1130200
1030210 1130210
1030220 1130220
1030230 1130230
1030240 1130240
1030250 1130250
1030260 1130260
1030270 1130270
1030280 1130280
1030290 1130290
1030300 1130300
1030310 1130310
1030320 1130320
1030330 1130330
1030340 1130340
1030350 1130350
1030360 1130360
1030370 1130370
1030380 1130380
1030390 1130390
1030400 1130400
1030410 1130410
1030420 1130420
1030430 1130430
1030440 1130440
1030450 1130450
1030460 1130460
1030470 1130470
1030480 1130480
1030490 1130490
1030500 1130500
1030510 1130510
1030520 1130520
1030530 1130530
1030540 1130540
1030550 1130550
1030560 1130560
1030570 1130570
1030580 1130580
1030590 1130590
1030600 1130600
1030610 1130610
1030620 1130620
1030630 1130630
1030640 1130640
1030650 1130650
1030660 1130660
1030670 1130670
1030680 1130680
1030690 1130690
1030700 1130700
1030710 1130710
1030720 1130720
1030730 1130730
1030740 1130740
1030750 1130750
1030760 1130760
1030770 1130770
1030780 1130780
1030790 1130790
1030800 1130800
1030810 1130810
1030820 1130820
1030830 1130830
1030840 1130840
1030850 1130850
1030860 1130860
1030870 1130870
1030880 1130880
1030890 1130890
1030900 1130900
1030910 1130910
1030920 1130920
1030930 1130930
1030940 1130940
1030950 1130950
1030960 1130960
1030970 1130970
1030980 1130980
1030990 1130990
1031000 1131000
1031010 1131010
1031020 1131020
1031030 1131030
1031040 1131040
1031050 1131050
1031060 1131060
1031070 1131070
1031080 1131080
1031090 1131090
1031100 1131100
1031110 1131110
1031120 1131120
1031130 1131130
1031140 1131140
1031150 1131150
1031160 1131160
1031170 1131170
1031180 1131180
1031190 1131190
1031200 1131200
1031210 1131210
1031220 1131220
1031230 1131230
1031240 1131240
1031250 1131250
1031260 1131260
1031270 1131270
1031280 1131280
1031290 1131290
1031300 1131300
1031310 1131310
1031320 1131320
1031330 1131330
1031340 1131340
1031350 1131350
1031360 1131360
1031370 1131370
1031380 1131380
1031390 1131390
1031400 1131400
1031410 1131410
1031420 1131420
1031430 1131430
1031440 1131440
1031450 1131450
1031460 1131460
1031470 1131470
1031480 1131480
1031490 1131490
1031500 1131500
1031510 1131510
1031520 1131520
1031530 1131530
1031540 1131540
1031550 1131550
1031560 1131560
1031570 1131570
1031580 1131580
1031590 1131590
1031600 1131600
1031610 1131610
1031620 1131620
1031630 1131630
1031640 1131640
1031650 1131650
1031660 1131660
1031670 1131670
1031680 1131680
1031690 1131690
1031700 1131700
1031710 1131710
1031720 1131720
1031730 1131730
1031740 1131740
1031750 1131750
1031760 1131760
1031770 1131770
1031780 1131780
1031790 1131790
1031800 1131800
1031810 1131810
1031820 1131820
1031830 1131830
1031840 1131840
1031850 1131850
1031860 1131860
1031870 1131870
1031880 1131880
1031890 1131890
1031900 1131900
1031910 1131910
1031920 1131920
1031930 1131930
1031940 1131940
1031950 1131950
1031960 1131960
1031970 1131970
1031980 1131980
1031990 1131990
1032000 1132000
1032010 1132010
1032020 1132020
1032030 1132030
1032040 1132040
1032050 1132050
1032060 1132060
1032070 1132070
1032080 1132080
1032090 1132090
1032100 1132100
1032110 1132110
1032120 1132120
1032130 1132130
1032140 1132140
1032150 1132150
1032160 1132160
1032170 1132170
1032180 1132180
1032190 1132190
1032200 1132200
1032210 1132210
1032220 1132220
1032230 1132230
1032240 1132240
1032250 1132250
1032260 1132260
1032270 1132270
1032280 1132280
1032290 1132290
1032300 1132300
1032310 1132310
1032320 1132320
1032330 1132330
1032340 1132340
1032350 1132350
1032360 1132360
1032370 1132370
1032380 1132380
1032390 1132390
1032400 1132400
1032410 1132410
1032420 1132420
1032430 1132430
1032440 1132440
1032450 1132450
1032460 1132460
1032470 1132470
1032480 1132480
1032490 1132490
1032500 1132500
1032510 1132510
1032520 1132520
1032530 1132530
1032540 1132540
1032550 1132550
1032560 1132560
1032570 1132570
1032580 1132580
1032590 1132590
1032600 1132600
1032610 1132610
1032620 1132620
1032630 1132630
1032640 1132640
1032650 1132650
1032660 1132660
1032670 1132670
1032680 1132680
1032690 1132690
1032700 1132700
1032710 1132710
1032720 1132720
1032730 1132730
1032740 1132740
1032750 1132750
1032760 1132760
1032770 1132770
1032780 1132780
1032790 1132790
1032800 1132800
1032810 1132810
1032820 1132820
1032830 1132830
1032840 1132840
1032850 1132850
1032860 1132860
1032870 1132870
1032880 1132880
1032890 1132890
1032900 1132900
1032910 1132910
1032920 1132920
1032930 1132930
1032940 1132940
1032950 1132950
1032960 1132960
1032970 1132970
1032980 1132980
1032990 1132990
1033000 1133000
1033010 1133010
1033020 1133020
1033030 1133030
1033040 1133040
1033050 1133050
1033060 1133060
1033070 1133070
1033080 1133080
1033090 1133090
1033100 1133100
1033110 1133110
1033120 1133120
1033130 1133130
1033140 1133140
1033150 1133150
1033160 1133160
1033170 1133170
1033180 1133180
1033190 1133190
1033200 1133200
1033210 1133210
1033220 1133220
1033230 1133230
1033240 1133240
1033250 1133250
1033260 1133260
1033270 1133270
1033280 1133280
1033290 1133290
1033300 1133300
1033310 1133310
1033320 1133320
1033330 1133330
1033340 1133340
1033350 1133350
1033360 1133360
1033370 1133370
1033380 1133380
1033390 1133390
1033400 1133400
1033410 1133410
1033420 1133420
1033430 1133430
1033440 1133440
1033450 1133450
1033460 1133460
1033470 1133470
1033480 1133480
1033490 1133490
1033500 1133500
1033510 1133510
1033520 1133520
1033530 1133530
1033540 1133540
1033550 1133550
1033560 1133560
1033570 1133570
1033580 1133580
1033590 1133590
1033600 1133600
1033610 1133610
1033620 1133620
1033630 1133630
1033640 1133640
1033650 1133650
1033660 1133660
1033670 1133670
1033680 1133680
1033690 1133690
1033700 1133700
1033710 1133710
1033720 1133720
1033730 1133730
1033740 1133740
1033750 1133750
1033760 1133760
1033770 1133770
1033780 1133780
1033790 1133790
1033800 1133800
1033810 1133810
1033820 1133820
1033830 1133830
1033840 1133840
1033850 1133850
1033860 1133860
1033870 1133870
1033880 1133880
1033890 1133890
1033900 1133900
1033910 1133910
1033920 1133920
1033930 1133930
1033940 1133940
1033950 1133950
1033960 1133960
1033970 1133970
1033980 1133980
1033990 1133990
1034000 1134000
1034010 1134010
1034020 1134020
1034030 1134030
1034040 1134040
1034050 1134050
1034060 1134060
1034070 1134070
1034080 1134080
1034090 1134090
1034100 1134100
1034110 1134110
1034120 1134120
1034130 1134130
1034140 1134140
1034150 1134150
1034160 1134160
1034170 1134170
1034180 1134180
1034190 1134190
1034200 1134200
1034210 1134210
1034220 1134220
1034230 1134230
1034240 1134240
1034250 1134250
1034260 1134260
1034270 1134270
1034280 1134280
1034290 1134290
1034300 1134300
1034310 1134310
1034320 1134320
1034330 1134330
1034340 1134340
1034350 1134350
1034360 1134360
1034370 1134370
1034380 1134380
1034390 1134390
1034400 1134400
1034410 1134410
1034420 1134420
1034430 1134430
1034440 1134440
1034450 1134450
1034460 1134460
1034470 1134470
1034480 1134480
1034490 1134490
1034500 1134500
1034510 1134510
1034520 1134520
1034530 1134530
1034540 1134540
1034550 1134550
1034560 1134560
1034570 1134570
1034580 1134580
1034590 1134590
1034600 1134600
1034610 1134610
1034620 1134620
1034630 1134630
1034640 1134640
1034650 1134650
1034660 1134660
1034670 1134670
1034680 1134680
1034690 1134690
1034700 1134700
1034710 1134710
1034720 1134720
1034730 1134730
1034740 1134740
1034750 1134750
1034760 1134760
1034770 1134770
1034780 1134780
1034790 1134790
1034800 1134800
1034810 1134810
1034820 1134820
1034830 1134830
1034840 1134840
1034850 1134850
1034860 1134860
1034870 1134870
1034880 1134880
1034890 1134890
1034900 1134900
1034910 1134910
1034920 1134920
1034930 1134930
1034940 1134940
1034950 1134950
1034960 1134960
1034970 1134970
1034980 1134980
1034990 1134990
1035000 1135000
1035010 1135010
1035020 1135020
1035030 1135030
1035040 1135040
1035050 1135050
1035060 1135060
1035070 1135070
1035080 1135080
1035090 1135090
1035100 1135100
1035110 1135110
1035120 1135120
1035130 1135130
1035140 1135140
1035150 1135150
1035160 1135160
1035170 1135170
1035180 1135180
1035190 1135190
1035200 1135200
1035210 1135210
1035220 1135220
1035230 1135230
1035240 1135240
1035250 1135250
1035260 1135260
1035270 1135270
1035280 1135280
1035290 1135290
1035300 1135300
1035310 1135310
1035320 1135320
1035330 1135330
1035340 1135340
1035350 1135350
1035360 1135360
1035370 1135370
1035380 1135380
1035390 1135390
1035400 1135400
1035410 1135410
1035420 1135420
1035430 1135430
1035440 1135440
1035450 1135450
1035460 1135460
1035470 1135470
1035480 1135480
1035490 1135490
1035500 1135500
1035510 1135510
1035520 1135520
1035530 1135530
1035540 1135540
1035550 1135550
1035560 1135560
1035570 1135570
1035580 1135580
1035590 1135590
1035600 1135600
1035610 1135610
1035620 1135620
1035630 1135630
1035640 1135640
1035650 1135650
1035660 1135660
1035670 1135670
1035680 1135680
1035690 1135690
1035700 1135700
1035710 1135710
1035720 1135720
1035730 1135730
1035740 1135740
1035750 1135750
1035760 1135760
1035770 1135770
1035780 1135780
1035790 1135790
1035800 1135800
1035810 1135810
1035820 1135820
1035830 1135830
1035840 1135840
1035850 1135850
1035860 1135860
1035870 1135870
1035880 1135880
1035890 1135890
1035900 1135900
1035910 1135910
1035920 1135920
1035930 1135930
1035940 1135940
1035950 1135950
1035960 1135960
1035970 1135970
1035980 1135980
1035990 1135990
1036000 1136000
1036010 1136010
1036020 1136020
1036030 1136030
1036040 1136040
1036050 1136050
1036060 1136060
1036070 1136070
1036080 1136080
1036090 1136090
1036100 1136100
1036110 1136110
1036120 1136120
1036130 1136130
1036140 1136140
1036150 1136150
1036160 1136160
1036170 1136170
1036180 1136180
1036190 1136190
1036200 1136200
1036210 1136210
1036220 1136220
1036230 1136230
1036240 1136240
1036250 1136250
1036260 1136260
1036270 1136270
1036280 1136280
1036290 1136290
1036300 1136300
1036310 1136310
1036320 1136320
1036330 1136330
1036340 1136340
1036350 1136350
1036360 1136360
1036370 1136370
1036380 1136380
1036390 1136390
1036400 1136400
1036410 1136410
1036420 1136420
1036430 1136430
1036440 1136440
1036450 1136450
1036460 1136460
1036470 1136470
1036480 1136480
1036490 1136490
1036500 1136500
1036510 1136510
1036520 1136520
1036530 1136530
1036540 1136540
1036550 1136550
1036560 1136560
1036570 1136570
1036580 1136580
1036590 1136590
1036600 1136600
1036610 1136610
1036620 1136620
1036630 1136630
1036640 1136640
1036650 1136650
1036660 1136660
1036670 1136670
1036680 1136680
1036690 1136690
1036700 1136700
1036710 1136710
1036720 1136720
1036730 1136730
1036740 1136740
1036750 1136750
1036760 1136760
1036770 1136770
1036780 1136780
1036790 1136790
1036800 1136800
1036810 1136810
1036820 1136820
1036830 1136830
1036840 1136840
1036850 1136850
1036860 1136860
1036870 1136870
1036880 1136880
1036890 1136890
1036900 1136900
1036910 1136910
1036920 1136920
1036930 1136930
1036940 1136940
1036950 1136950
1036960 1136960
1036970 1136970
1036980 1136980
1036990 1136990
1037000 1137000
1037010 1137010
1037020 1137020
1037030 1137030
1037040 1137040
1037050 1137050
1037060 1137060
1037070 1137070
1037080 1137080
1037090 1137090
1037100 1137100
1037110 1137110
1037120 1137120
1037130 1137130
1037140 1137140
1037150 1137150
1037160 1137160
1037170 1137170
1037180 1137180
1037190 1137190
1037200 1137200
1037210 1137210
1037220 1137220
1037230 1137230
1037240 1137240
1037250 1137250
1037260 1137260
1037270 1137270
1037280 1137280
1037290 1137290
1037300 1137300
1037310 1137310
1037320 1137320
1037330 1137330
1037340 1137340
1037350 1137350
1037360 1137360
1037370 1137370
1037380 1137380
1037390 1137390
1037400 1137400
1037410 1137410
1037420 1137420
1037430 1137430
1037440 1137440
1037450 1137450
1037460 1137460
1037470 1137470
1037480 1137480
1037490 1137490
1037500 1137500
1037510 1137510
1037520 1137520
1037530 1137530
1037540 1137540
1037550 1137550
1037560 1137560
1037570 1137570
1037580 1137580
1037590 1137590
1037600 1137600
1037610 1137610
1037620 1137620
1037630 1137630
1037640 1137640
1037650 1137650
1037660 1137660
1037670 1137670
1037680 1137680
1037690 1137690
1037700 1137700
1037710 1137710
1037720 1137720
1037730 1137730
1037740 1137740
1037750 1137750
1037760 1137760
1037770 1137770
1037780 1137780
1037790 1137790
1037800 1137800
1037810 1137810
1037820 1137820
1037830 1137830
1037840 1137840
1037850 1137850
1037860 1137860
1037870 1137870
1037880 1137880
1037890 1137890
1037900 1137900
1037910 1137910
1037920 1137920
1037930 1137930
1037940 1137940
1037950 1137950
1037960 1137960
1037970 1137970
1037980 1137980
1037990 1137990
1038000 1138000
1038010 1138010
1038020 1138020
1038030 1138030
1038040 1138040
1038050 1138050
1038060 1138060
1038070 1138070
1038080 1138080
1038090 1138090
1038100 1138100
1038110 1138110
1038120 1138120
1038130 1138130
1038140 1138140
1038150 1138150
1038160 1138160
1038170 1138170
1038180 1138180
1038190 1138190
1038200 1138200
1038210 1138210
1038220 1138220
1038230 1138230
1038240 1138240
1038250 1138250
1038260 1138260
1038270 1138270
1038280 1138280
1038290 1138290
1038300 1138300
1038310 1138310
1038320 1138320
1038330 1138330
1038340 1138340
1038350 1138350
1038360 1138360
1038370 1138370
1038380 1138380
1038390 1138390
1038400 1138400
1038410 1138410
1038420 1138420
1038430 1138430
1038440 1138440
1038450 1138450
1038460 1138460
1038470 1138470
1038480 1138480
1038490 1138490
1038500 1138500
1038510 1138510
1038520 1138520
1038530 1138530
1038540 1138540
1038550 1138550
1038560 1138560
1038570 1138570
1038580 1138580
1038590 1138590
1038600 1138600
1038610 1138610
1038620 1138620
1038630 1138630
1038640 1138640
1038650 1138650
1038660 1138660
1038670 1138670
1038680 1138680
1038690 1138690
1038700 1138700
1038710 1138710
1038720 1138720
1038730 1138730
1038740 1138740
1038750 1138750
1038760 1138760
1038770 1138770
1038780 1138780
1038790 1138790
1038800 1138800
1038810 1138810
1038820 1138820
1038830 1138830
1038840 1138840
1038850 1138850
1038860 1138860
1038870 1138870
1038880 1138880
1038890 1138890
1038900 1138900
1038910 1138910
1038920 1138920
1038930 1138930
1038940 1138940
1038950 1138950
1038960 1138960
1038970 1138970
1038980 1138980
1038990 1138990
1039000 1139000
1039010 1139010
1039020 1139020
1039030 1139030
1039040 1139040
1039050 1139050
1039060 1139060
1039070 1139070
1039080 1139080
1039090 1139090
1039100 1139100
1039110 1139110
1039120 1139120
1039130 1139130
1039140 1139140
1039150 1139150
1039160 1139160
1039170 1139170
1039180 1139180
1039190 1139190
1039200 1139200
1039210 1139210
1039220 1139220
1039230 1139230
1039240 1139240
1039250 1139250
1039260 1139260
1039270 1139270
1039280 1139280
1039290 1139290
1039300 1139300
1039310 1139310
1039320 1139320
1039330 1139330
1039340 1139340
1039350 1139350
1039360 1139360
1039370 1139370
1039380 1139380
1039390 1139390
1039400 1139400
1039410 1139410
1039420 1139420
1039430 1139430
1039440 1139440
1039450 1139450
1039460 1139460
1039470 1139470
1039480 1139480
1039490 1139490
1039500 1139500
1039510 1139510
1039520 1139520
1039530 1139530
1039540 1139540
1039550 1139550
1039560 1139560
1039570 1139570
1039580 1139580
1039590 1139590
1039600 1139600
1039610 1139610
1039620 1139620
1039630 1139630
1039640 1139640
1039650 1139650
1039660 1139660
1039670 1139670
1039680 1139680
1039690 1139690
1039700 1139700
1039710 1139710
1039720 1139720
1039730 1139730
1039740 1139740
1039750 1139750
1039760 1139760
1039770 1139770
1039780 1139780
1039790 1139790
1039800 1139800
1039810 1139810
1039820 1139820
1039830 1139830
1039840 1139840
1039850 1139850
1039860 1139860
1039870 1139870
1039880 1139880
1039890 1139890
1039900 1139900
1039910 1139910
1039920 1139920
1039930 1139930
1039940 1139940
1039950 1139950
1039960 1139960
1039970 1139970
1039980 1139980
1039990 1139990
1040000 1140000
1040010 1140010
1040020 1140020
1040030 1140030
1040040 1140040
1040050 1140050
1040060 1140060
1040070 1140070
1040080 1140080
1040090 1140090
1040100 1140100
1040110 1140110
1040120 1140120
1040130 1140130
1040140 1140140
1040150 1140150
1040160 1140160
1040170 1140170
1040180 1140180
1040190 1140190
1040200 1140200
1040210 1140210
1040220 1140220
1040230 1140230
1040240 1140240
1040250 1140250
1040260 1140260
1040270 1140270
1040280 1140280
1040290 1140290
1040300 1140300
1040310 1140310
1040320 1140320
1040330 1140330
1040340 1140340
1040350 1140350
1040360 1140360
1040370 1140370
1040380 1140380
1040390 1140390
1040400 1140400
1040410 1140410
1040420 1140420
1040430 1140430
1040440 1140440
1040450 1140450
1040460 1140460
1040470 1140470
1040480 1140480
1040490 1140490
1040500 1140500
1040510 1140510
1040520 1140520
1040530 1140530
1040540 1140540
1040550 1140550
1040560 1140560
1040570 1140570
1040580 1140580
1040590 1140590
1040600 1140600
1040610 1140610
1040620 1140620
1040630 1140630
1040640 1140640
1040650 1140650
1040660 1140660
1040670 1140670
1040680 1140680
1040690 1140690
1040700 1140700
1040710 1140710
1040720 1140720
1040730 1140730
1040740 1140740
1040750 1140750
1040760 1140760
1040770 1140770
1040780 1140780
1040790 1140790
1040800 1140800
1040810 1140810
1040820 1140820
1040830 1140830
1040840 1140840
1040850 1140850
1040860 1140860
1040870 1140870
1040880 1140880
1040890 1140890
1040900 1140900
1040910 1140910
1040920 1140920
1040930 1140930
1040940 1140940
1040950 1140950
1040960 1140960
1040970 1140970
1040980 1140980
1040990 1140990
1041000 1141000
1041010 1141010
1041020 1141020
1041030 1141030
1041040 1141040
1041050 1141050
1041060 1141060
1041070 1141070
1041080 1141080
1041090 1141090
1041100 1141100
1041110 1141110
1041120 1141120
1041130 1141130
1041140 1141140
1041150 1141150
1041160 1141160
1041170 1141170
1041180 1141180
1041190 1141190
1041200 1141200
1041210 1141210
1041220 1141220
1041230 1141230
1041240 1141240
1041250 1141250
1041260 1141260
1041270 1141270
1041280 1141280
1041290 1141290
1041300 1141300
1041310 1141310
1041320 1141320
1041330 1141330
1041340 1141340
1041350 1141350
1041360 1141360
1041370 1141370
1041380 1141380
1041390 1141390
1041400 1141400
1041410 1141410
1041420 1141420
1041430 1141430
1041440 1141440
1041450 1141450
1041460 1141460
1041470 1141470
1041480 1141480
1041490 1141490
1041500 1141500
1041510 1141510
1041520 1141520
1041530 1141530
1041540 1141540
1041550 1141550
1041560 1141560
1041570 1141570
1041580 1141580
1041590 1141590
1041600 1141600
1041610 1141610
1041620 1141620
1041630 1141630
1041640 1141640
1041650 1141650
1041660 1141660
1041670 1141670
1041680 1141680
1041690 1141690
1041700 1141700
1041710 1141710
1041720 1141720
1041730 1141730
1041740 1141740
1041750 1141750
1041760 1141760
1041770 1141770
1041780 1141780
1041790 1141790
1041800 1141800
1041810 1141810
1041820 1141820
1041830 1141830
1041840 1141840
1041850 1141850
1041860 1141860
1041870 1141870
1041880 1141880
1041890 1141890
1041900 1141900
1041910 1141910
1041920 1141920
1041930 1141930
1041940 1141940
1041950 1141950
1041960 1141960
1041970 1141970
1041980 1141980
1041990 1141990
1042000 1142000
1042010 1142010
1042020 1142020
1042030 1142030
1042040 1142040
1042050 1142050
1042060 1142060
1042070 1142070
1042080 1142080
1042090 1142090
1042100 1142100
1042110 1142110
1042120 1142120
1042130 1142130
1042140 1142140
1042150 1142150
1042160 1142160
1042170 1142170
1042180 1142180
1042190 1142190
1042200 1142200
1042210 1142210
1042220 1142220
1042230 1142230
1042240 1142240
1042250 1142250
1042260 1142260
1042270 1142270
1042280 1142280
1042290 1142290
1042300 1142300
1042310 1142310
1042320 1142320
1042330 1142330
1042340 1142340
1042350 1142350
1042360 1142360
1042370 1142370
1042380 1142380
1042390 1142390
1042400 1142400
1042410 1142410
1042420 1142420
1042430 1142430
1042440 1142440
1042450 1142450
1042460 1142460
1042470 1142470
1042480 1142480
1042490 1142490
1042500 1142500
1042510 1142510
1042520 1142520
1042530 1142530
1042540 1142540
1042550 1142550
1042560 1142560
1042570 1142570
1042580 1142580
1042590 1142590
1042600 1142600
1042610 1142610
1042620 1142620
1042630 1142630
1042640 1142640
1042650 1142650
1042660 1142660
1042670 1142670
1042680 1142680
1042690 1142690
1042700 1142700
1042710 1142710
1042720 1142720
1042730 1142730
1042740 1142740
1042750 1142750
1042760 1142760
1042770 1142770
1042780 1142780
1042790 1142790
1042800 1142800
1042810 1142810
1042820 1142820
1042830 1142830
1042840 1142840
1042850 1142850
1042860 1142860
1042870 1142870
1042880 1142880
1042890 1142890
1042900 1142900
1042910 1142910
1042920 1142920
1042930 1142930
1042940 1142940
1042950 1142950
1042960 1142960
1042970 1142970
1042980 1142980
1042990 1142990
1043000 1143000
1043010 1143010
1043020 1143020
1043030 1143030
1043040 1143040
1043050 1143050
1043060 1143060
1043070 1143070
1043080 1143080
1043090 1143090
1043100 1143100
1043110 1143110
1043120 1143120
1043130 1143130
1043140 1143140
1043150 1143150
1043160 1143160
1043170 1143170
1043180 1143180
1043190 1143190
1043200 1143200
1043210 1143210
1043220 1143220
1043230 1143230
1043240 1143240
1043250 1143250
1043260 1143260
1043270 1143270
1043280 1143280
1043290 1143290
1043300 1143300
1043310 1143310
1043320 1143320
1043330 1143330
1043340 1143340
1043350 1143350
1043360 1143360
1043370 1143370
1043380 1143380
1043390 1143390
1043400 1143400
1043410 1143410
1043420 1143420
1043430 1143430
1043440 1143440
1043450 1143450
1043460 1143460
1043470 1143470
1043480 1143480
1043490 1143490
1043500 1143500
1043510 1143510
1043520 1143520
1043530 1143530
1043540 1143540
1043550 1143550
1043560 1143560
1043570 1143570
1043580 1143580
1043590 1143590
1043600 1143600
1043610 1143610
1043620 1143620
1043630 1143630
1043640 1143640
1043650 1143650
1043660 1143660
1043670 1143670
1043680 1143680
1043690 1143690
1043700 1143700
1043710 1143710
1043720 1143720
1043730 1143730
1043740 1143740
1043750 1143750
1043760 1143760
1043770 1143770
1043780 1143780
1043790 1143790
1043800 1143800
1043810 1143810
1043820 1143820
1043830 1143830
1043840 1143840
1043850 1143850
1043860 1143860
1043870 1143870
1043880 1143880
1043890 1143890
1043900 1143900
1043910 1143910
1043920 1143920
1043930 1143930
1043940 1143940
1043950 1143950
1043960 1143960
1043970 1143970
1043980 1143980
1043990 1143990
1044000 1144000
1044010 1144010
1044020 1144020
1044030 1144030
1044040 1144040
1044050 1144050
1044060 1144060
1044070 1144070
1044080 1144080
1044090 1144090
1044100 1144100
1044110 1144110
1044120 1144120
1044130 1144130
1044140 1144140
1044150 1144150
1044160 1144160
1044170 1144170
1044180 1144180
1044190 1144190
1044200 1144200
1044210 1144210
1044220 1144220
1044230 1144230
1044240 1144240
1044250 1144250
1044260 1144260
1044270 1144270
1044280 1144280
1044290 1144290
1044300 1144300
1044310 1144310
1044320 1144320
1044330 1144330
1044340 1144340
1044350 1144350
1044360 1144360
1044370 1144370
1044380 1144380
1044390 1144390
1044400 1144400
1044410 1144410
1044420 1144420
1044430 1144430
1044440 1144440
1044450 1144450
1044460 1144460
1044470 1144470
1044480 1144480
1044490 1144490
1044500 1144500
1044510 1144510
1044520 1144520
1044530 1144530
1044540 1144540
1044550 1144550
1044560 1144560
1044570 1144570
1044580 1144580
1044590 1144590
1044600 1144600
1044610 1144610
1044620 1144620
1044630 1144630
1044640 1144640
1044650 1144650
1044660 1144660
1044670 1144670
1044680 1144680
1044690 1144690
1044700 1144700
1044710 1144710
1044720 1144720
1044730 1144730
1044740 1144740
1044750 1144750
1044760 1144760
1044770 1144770
1044780 1144780
1044790 1144790
1044800 1144800
1044810 1144810
1044820 1144820
1044830 1144830
1044840 1144840
1044850 1144850
1044860 1144860
1044870 1144870
1044880 1144880
1044890 1144890
1044900 1144900
1044910 1144910
1044920 1144920
1044930 1144930
1044940 1144940
1044950 1144950
1044960 1144960
1044970 1144970
1044980 1144980
1044990 1144990
1045000 1145000
1045010 1145010
1045020 1145020
1045030 1145030
1045040 1145040
1045050 1145050
1045060 1145060
1045070 1145070
1045080 1145080
1045090 1145090
1045100 1145100
1045110 1145110
1045120 1145120
1045130 1145130
1045140 1145140
1045150 1145150
1045160 1145160
1045170 1145170
1045180 1145180
1045190 1145190
1045200 1145200
1045210 1145210
1045220 1145220
1045230 1145230
1045240 1145240
1045250 1145250
1045260 1145260
1045270 1145270
1045280 1145280
1045290 1145290
1045300 1145300
1045310 1145310
1045320 1145320
1045330 1145330
1045340 1145340
1045350 1145350
1045360 1145360
1045370 1145370
1045380 1145380
1045390 1145390
1045400 1145400
1045410 1145410
1045420 1145420
1045430 1145430
1045440 1145440
1045450 1145450
1045460 1145460
1045470 1145470
1045480 1145480
1045490 1145490
1045500 1145500
1045510 1145510
1045520 1145520
1045530 1145530
1045540 1145540
1045550 1145550
1045560 1145560
1045570 1145570
1045580 1145580
1045590 1145590
1045600 1145600
1045610 1145610
1045620 1145620
1045630 1145630
1045640 1145640
1045650 1145650
1045660 1145660
1045670 1145670
1045680 1145680
1045690 1145690
1045700 1145700
1045710 1145710
1045720 1145720
1045730 1145730
1045740 1145740
1045750 1145750
1045760 1145760
1045770 1145770
1045780 1145780
1045790 1145790
1045800 1145800
1045810 1145810
1045820 1145820
1045830 1145830
1045840 1145840
1045850 1145850
1045860 1145860
1045870 1145870
1045880 1145880
1045890 1145890
1045900 1145900
1045910 1145910
1045920 1145920
1045930 1145930
1045940 1145940
1045950 1145950
1045960 1145960
1045970 1145970
1045980 1145980
1045990 1145990
1046000 1146000
1046010 1146010
1046020 1146020
1046030 1146030
1046040 1146040
1046050 1146050
1046060 1146060
1046070 1146070
1046080 1146080
1046090 1146090
1046100 1146100
1046110 1146110
1046120 1146120
1046130 1146130
1046140 1146140
1046150 1146150
1046160 1146160
1046170 1146170
1046180 1146180
1046190 1146190
1046200 1146200
1046210 1146210
1046220 1146220
1046230 1146230
1046240 1146240
1046250 1146250
1046260 1146260
1046270 1146270
1046280 1146280
1046290 1146290
1046300 1146300
1046310 1146310
1046320 1146320
1046330 1146330
1046340 1146340
1046350 1146350
1046360 1146360
1046370 1146370
1046380 1146380
1046390 1146390
1046400 1146400
1046410 1146410
1046420 1146420
1046430 1146430
1046440 1146440
1046450 1146450
1046460 1146460
1046470 1146470
1046480 1146480
1046490 1146490
1046500 1146500
1046510 1146510
1046520 1146520
1046530 1146530
1046540 1146540
1046550 1146550
1046560 1146560
1046570 1146570
1046580 1146580
1046590 1146590
1046600 1146600
1046610 1146610
1046620 1146620
1046630 1146630
1046640 1146640
1046650 1146650
1046660 1146660
1046670 1146670
1046680 1146680
1046690 1146690
1046700 1146700
1046710 1146710
1046720 1146720
1046730 1146730
1046740 1146740
1046750 1146750
1046760 1146760
1046770 1146770
1046780 1146780
1046790 1146790
1046800 1146800
1046810 1146810
1046820 1146820
1046830 1146830
1046840 1146840
1046850 1146850
1046860 1146860
1046870 1146870
1046880 1146880
1046890 1146890
1046900 1146900
1046910 1146910
1046920 1146920
1046930 1146930
1046940 1146940
1046950 1146950
1046960 1146960
1046970 1146970
1046980 1146980
1046990 1146990
1047000 1147000
1047010 1147010
1047020 1147020
1047030 1147030
1047040 1147040
1047050 1147050
1047060 1147060
1047070 1147070
1047080 1147080
1047090 1147090
1047100 1147100
1047110 1147110
1047120 1147120
1047130 1147130
1047140 1147140
1047150 1147150
1047160 1147160
1047170 1147170
1047180 1147180
1047190 1147190
1047200 1147200
1047210 1147210
1047220 1147220
1047230 1147230
1047240 1147240
1047250 1147250
1047260 1147260
1047270 1147270
1047280 1147280
1047290 1147290
1047300 1147300
1047310 1147310
1047320 1147320
1047330 1147330
1047340 1147340
1047350 1147350
1047360 1147360
1047370 1147370
1047380 1147380
1047390 1147390
1047400 1147400
1047410 1147410
1047420 1147420
1047430 1147430
1047440 1147440
1047450 1147450
1047460 1147460
1047470 1147470
1047480 1147480
1047490 1147490
1047500 1147500
1047510 1147510
1047520 1147520
1047530 1147530
1047540 1147540
1047550 1147550
1047560 1147560
1047570 1147570
1047580 1147580
1047590 1147590
1047600 1147600
1047610 1147610
1047620 1147620
1047630 1147630
1047640 1147640
1047650 1147650
1047660 1147660
1047670 1147670
1047680 1147680
1047690 1147690
1047700 1147700
1047710 1147710
1047720 1147720
1047730 1147730
1047740 1147740
1047750 1147750
1047760 1147760
1047770 1147770
1047780 1147780
1047790 1147790
1047800 1147800
1047810 1147810
1047820 1147820
1047830 1147830
1047840 1147840
1047850 1147850
1047860 1147860
1047870 1147870
1047880 1147880
1047890 1147890
1047900 1147900
1047910 1147910
1047920 1147920
1047930 1147930
1047940 1147940
1047950 1147950
1047960 1147960
1047970 1147970
1047980 1147980
1047990 1147990
1048000 1148000
1048010 1148010
1048020 1148020
1048030 1148030
1048040 1148040
1048050 1148050
1048060 1148060
1048070 1148070
1048080 1148080
1048090 1148090
1048100 1148100
1048110 1148110
1048120 1148120
1048130 1148130
1048140 1148140
1048150 1148150
1048160 1148160
1048170 1148170
1048180 1148180
1048190 1148190
1048200 1148200
1048210 1148210
1048220 1148220
1048230 1148230
1048240 1148240
1048250 1148250
1048260 1148260
1048270 1148270
1048280 1148280
1048290 1148290
1048300 1148300
1048310 1148310
1048320 1148320
1048330 1148330
1048340 1148340
1048350 1148350
1048360 1148360
1048370 1148370
1048380 1148380
1048390 1148390
1048400 1148400
1048410 1148410
1048420 1148420
1048430 1148430
1048440 1148440
1048450 1148450
1048460 1148460
1048470 1148470
1048480 1148480
1048490 1148490
1048500 1148500
1048510 1148510
1048520 1148520
1048530 1148530
1048540 1148540
1048550 1148550
1048560 1148560
1048570 1148570
1048580 1148580
1048590 1148590
1048600 1148600
1048610 1148610
1048620 1148620
1048630 1148630
1048640 1148640
1048650 1148650
1048660 1148660
1048670 1148670
1048680 1148680
1048690 1148690
1048700 1148700
1048710 1148710
1048720 1148720
1048730 1148730
1048740 1148740
1048750 1148750
1048760 1148760
1048770 1148770
1048780 1148780
1048790 1148790
1048800 1148800
1048810 1148810
1048820 1148820
1048830 1148830
1048840 1148840
1048850 1148850
1048860 1148860
1048870 1148870
1048880 1148880
1048890 1148890
1048900 1148900
1048910 1148910
1048920 1148920
1048930 1148930
1048940 1148940
1048950 1148950
1048960 1148960
1048970 1148970
1048980 1148980
1048990 1148990
1049000 1149000
1049010 1149010
1049020 1149020
1049030 1149030
1049040 1149040
1049050 1149050
1049060 1149060
1049070 1149070
1049080 1149080
1049090 1149090
1049100 1149100
1049110 1149110
1049120 1149120
1049130 1149130
1049140 1149140
1049150 1149150
1049160 1149160
1049170 1149170
1049180 1149180
1049190 1149190
1049200 1149200
1049210 1149210
1049220 1149220
1049230 1149230
1049240 1149240
1049250 1149250
1049260 1149260
1049270 1149270
1049280 1149280
1049290 1149290
1049300 1149300
1049310 1149310
1049320 1149320
1049330 1149330
1049340 1149340
1049350 1149350
1049360 1149360
1049370 1149370
1049380 1149380
1049390 1149390
1049400 1149400
1049410 1149410
1049420 1149420
1049430 1149430
1049440 1149440
1049450 1149450
1049460 1149460
1049470 1149470
1049480 1149480
1049490 1149490
1049500 1149500
1049510 1149510
1049520 1149520
1049530 1149530
1049540 1149540
1049550 1149550
1049560 1149560
1049570 1149570
1049580 1149580
1049590 1149590
1049600 1149600
1049610 1149610
1049620 1149620
1049630 1149630
1049640 1149640
1049650 1149650
1049660 1149660
1049670 1149670
1049680 1149680
1049690 1149690
1049700 1149700
1049710 1149710
1049720 1149720
1049730 1149730
1049740 1149740
1049750 1149750
1049760 1149760
1049770 1149770
1049780 1149780
1049790 1149790
1049800 1149800
1049810 1149810
1049820 1149820
1049830 1149830
1049840 1149840
1049850 1149850
1049860 1149860
1049870 1149870
1049880 1149880
1049890 1149890
1049900 1149900
1049910 1149910
1049920 1149920
1049930 1149930
1049940 1149940
1049950 1149950
1049960 1149960
1049970 1149970
1049980 1149980
1049990 1149990
