1000037 1000039
1000037 1000039
1000037 1000039
1000037 1000039
1000211 1000213
1000211 1000213
1000211 1000213
1000211 1000213
1000211 1000213
1000211 1000213
1000211 1000213
1000211 1000213
1000211 1000213
1000211 1000213
1000211 1000213
1000211 1000213
1000211 1000213
1000211 1000213
1000211 1000213
1000211 1000213
1000211 1000213
1000211 1000213
1000289 1000291
1000289 1000291
1000289 1000291
1000289 1000291
1000289 1000291
1000289 1000291
1000289 1000291
1000427 1000429
1000427 1000429
1000427 1000429
1000427 1000429
1000427 1000429
1000427 1000429
1000427 1000429
1000427 1000429
1000427 1000429
1000427 1000429
1000427 1000429
1000427 1000429
1000427 1000429
1000427 1000429
1000577 1000579
1000577 1000579
1000577 1000579
1000577 1000579
1000577 1000579
1000577 1000579
1000577 1000579
1000577 1000579
1000577 1000579
1000577 1000579
1000577 1000579
1000577 1000579
1000577 1000579
1000577 1000579
1000577 1000579
1000619 1000621
1000619 1000621
1000619 1000621
1000619 1000621
1000667 1000669
1000667 1000669
1000667 1000669
1000667 1000669
1000667 1000669
1000721 1000723
1000721 1000723
1000721 1000723
1000721 1000723
1000721 1000723
1000721 1000723
1000847 1000849
1000847 1000849
1000847 1000849
1000847 1000849
1000847 1000849
1000847 1000849
1000847 1000849
1000847 1000849
1000847 1000849
1000847 1000849
1000847 1000849
1000847 1000849
1000859 1000861
1000919 1000921
1000919 1000921
1000919 1000921
1000919 1000921
1000919 1000921
1000919 1000921
1001087 1001089
1001087 1001089
1001087 1001089
1001087 1001089
1001087 1001089
1001087 1001089
1001087 1001089
1001087 1001089
1001087 1001089
1001087 1001089
1001087 1001089
1001087 1001089
1001087 1001089
1001087 1001089
1001087 1001089
1001087 1001089
1001087 1001089
1001321 1001323
1001321 1001323
1001321 1001323
1001321 1001323
1001321 1001323
1001321 1001323
1001321 1001323
1001321 1001323
1001321 1001323
1001321 1001323
1001321 1001323
1001321 1001323
1001321 1001323
1001321 1001323
1001321 1001323
1001321 1001323
1001321 1001323
1001321 1001323
1001321 1001323
1001321 1001323
1001321 1001323
1001321 1001323
1001321 1001323
1001321 1001323
1001387 1001389
1001387 1001389
1001387 1001389
1001387 1001389
1001387 1001389
1001387 1001389
1001549 1001551
1001549 1001551
1001549 1001551
1001549 1001551
1001549 1001551
1001549 1001551
1001549 1001551
1001549 1001551
1001549 1001551
1001549 1001551
1001549 1001551
1001549 1001551
1001549 1001551
1001549 1001551
1001549 1001551
1001549 1001551
1001807 1001809
1001807 1001809
1001807 1001809
1001807 1001809
1001807 1001809
1001807 1001809
1001807 1001809
1001807 1001809
1001807 1001809
1001807 1001809
1001807 1001809
1001807 1001809
1001807 1001809
1001807 1001809
1001807 1001809
1001807 1001809
1001807 1001809
1001807 1001809
1001807 1001809
1001807 1001809
1001807 1001809
1001807 1001809
1001807 1001809
1001807 1001809
1001807 1001809
1001807 1001809
1001981 1001983
1001981 1001983
1001981 1001983
1001981 1001983
1001981 1001983
1001981 1001983
1001981 1001983
1001981 1001983
1001981 1001983
1001981 1001983
1001981 1001983
1001981 1001983
1001981 1001983
1001981 1001983
1001981 1001983
1001981 1001983
1001981 1001983
1001981 1001983
1002149 1002151
1002149 1002151
1002149 1002151
1002149 1002151
1002149 1002151
1002149 1002151
1002149 1002151
1002149 1002151
1002149 1002151
1002149 1002151
1002149 1002151
1002149 1002151
1002149 1002151
1002149 1002151
1002149 1002151
1002149 1002151
1002257 1002259
1002257 1002259
1002257 1002259
1002257 1002259
1002257 1002259
1002257 1002259
1002257 1002259
1002257 1002259
1002257 1002259
1002257 1002259
1002257 1002259
1002341 1002343
1002341 1002343
1002341 1002343
1002341 1002343
1002341 1002343
1002341 1002343
1002341 1002343
1002341 1002343
1002341 1002343
1002359 1002361
1002719 1002721
1002719 1002721
1002719 1002721
1002719 1002721
1002719 1002721
1002719 1002721
1002719 1002721
1002719 1002721
1002719 1002721
1002719 1002721
1002719 1002721
1002719 1002721
1002719 1002721
1002719 1002721
1002719 1002721
1002719 1002721
1002719 1002721
1002719 1002721
1002719 1002721
1002719 1002721
1002719 1002721
1002719 1002721
1002719 1002721
1002719 1002721
1002719 1002721
1002719 1002721
1002719 1002721
1002719 1002721
1002719 1002721
1002719 1002721
1002719 1002721
1002719 1002721
1002719 1002721
1002719 1002721
1002719 1002721
1002719 1002721
1002767 1002769
1002767 1002769
1002767 1002769
1002767 1002769
1002767 1002769
1002851 1002853
1002851 1002853
1002851 1002853
1002851 1002853
1002851 1002853
1002851 1002853
1002851 1002853
1002851 1002853
1002851 1002853
1002929 1002931
1002929 1002931
1002929 1002931
1002929 1002931
1002929 1002931
1002929 1002931
1002929 1002931
1003001 1003003
1003001 1003003
1003001 1003003
1003001 1003003
1003001 1003003
1003001 1003003
1003001 1003003
1003001 1003003
1003109 1003111
1003109 1003111
1003109 1003111
1003109 1003111
1003109 1003111
1003109 1003111
1003109 1003111
1003109 1003111
1003109 1003111
1003109 1003111
1003199 1003201
1003199 1003201
1003199 1003201
1003199 1003201
1003199 1003201
1003199 1003201
1003199 1003201
1003199 1003201
1003199 1003201
1003349 1003351
1003349 1003351
1003349 1003351
1003349 1003351
1003349 1003351
1003349 1003351
1003349 1003351
1003349 1003351
1003349 1003351
1003349 1003351
1003349 1003351
1003349 1003351
1003349 1003351
1003349 1003351
1003349 1003351
1003361 1003363
1003361 1003363
1003619 1003621
1003619 1003621
1003619 1003621
1003619 1003621
1003619 1003621
1003619 1003621
1003619 1003621
1003619 1003621
1003619 1003621
1003619 1003621
1003619 1003621
1003619 1003621
1003619 1003621
1003619 1003621
1003619 1003621
1003619 1003621
1003619 1003621
1003619 1003621
1003619 1003621
1003619 1003621
1003619 1003621
1003619 1003621
1003619 1003621
1003619 1003621
1003619 1003621
1003817 1003819
1003817 1003819
1003817 1003819
1003817 1003819
1003817 1003819
1003817 1003819
1003817 1003819
1003817 1003819
1003817 1003819
1003817 1003819
1003817 1003819
1003817 1003819
1003817 1003819
1003817 1003819
1003817 1003819
1003817 1003819
1003817 1003819
1003817 1003819
1003817 1003819
1003817 1003819
1003907 1003909
1003907 1003909
1003907 1003909
1003907 1003909
1003907 1003909
1003907 1003909
1003907 1003909
1003907 1003909
1003907 1003909
1004117 1004119
1004117 1004119
1004117 1004119
1004117 1004119
1004117 1004119
1004117 1004119
1004117 1004119
1004117 1004119
1004117 1004119
1004117 1004119
1004117 1004119
1004117 1004119
1004117 1004119
1004117 1004119
1004117 1004119
1004117 1004119
1004117 1004119
1004117 1004119
1004117 1004119
1004117 1004119
1004117 1004119
1004657 1004659
1004657 1004659
1004657 1004659
1004657 1004659
1004657 1004659
1004657 1004659
1004657 1004659
1004657 1004659
1004657 1004659
1004657 1004659
1004657 1004659
1004657 1004659
1004657 1004659
1004657 1004659
1004657 1004659
1004657 1004659
1004657 1004659
1004657 1004659
1004657 1004659
1004657 1004659
1004657 1004659
1004657 1004659
1004657 1004659
1004657 1004659
1004657 1004659
1004657 1004659
1004657 1004659
1004657 1004659
1004657 1004659
1004657 1004659
1004657 1004659
1004657 1004659
1004657 1004659
1004657 1004659
1004657 1004659
1004657 1004659
1004657 1004659
1004657 1004659
1004657 1004659
1004657 1004659
1004657 1004659
1004657 1004659
1004657 1004659
1004657 1004659
1004657 1004659
1004657 1004659
1004657 1004659
1004657 1004659
1004657 1004659
1004657 1004659
1004657 1004659
1004657 1004659
1004657 1004659
1004657 1004659
1004669 1004671
1004747 1004749
1004747 1004749
1004747 1004749
1004747 1004749
1004747 1004749
1004747 1004749
1004747 1004749
1004747 1004749
1005071 1005073
1005071 1005073
1005071 1005073
1005071 1005073
1005071 1005073
1005071 1005073
1005071 1005073
1005071 1005073
1005071 1005073
1005071 1005073
1005071 1005073
1005071 1005073
1005071 1005073
1005071 1005073
1005071 1005073
1005071 1005073
1005071 1005073
1005071 1005073
1005071 1005073
1005071 1005073
1005071 1005073
1005071 1005073
1005071 1005073
1005071 1005073
1005071 1005073
1005071 1005073
1005071 1005073
1005071 1005073
1005071 1005073
1005071 1005073
1005071 1005073
1005071 1005073
1005071 1005073
1005131 1005133
1005131 1005133
1005131 1005133
1005131 1005133
1005131 1005133
1005131 1005133
1005239 1005241
1005239 1005241
1005239 1005241
1005239 1005241
1005239 1005241
1005239 1005241
1005239 1005241
1005239 1005241
1005239 1005241
1005239 1005241
1005371 1005373
1005371 1005373
1005371 1005373
1005371 1005373
1005371 1005373
1005371 1005373
1005371 1005373
1005371 1005373
1005371 1005373
1005371 1005373
1005371 1005373
1005371 1005373
1005371 1005373
1005371 1005373
1005437 1005439
1005437 1005439
1005437 1005439
1005437 1005439
1005437 1005439
1005437 1005439
1005551 1005553
1005551 1005553
1005551 1005553
1005551 1005553
1005551 1005553
1005551 1005553
1005551 1005553
1005551 1005553
1005551 1005553
1005551 1005553
1005551 1005553
1005551 1005553
1005617 1005619
1005617 1005619
1005617 1005619
1005617 1005619
1005617 1005619
1005617 1005619
1005677 1005679
1005677 1005679
1005677 1005679
1005677 1005679
1005677 1005679
1005677 1005679
1005911 1005913
1005911 1005913
1005911 1005913
1005911 1005913
1005911 1005913
1005911 1005913
1005911 1005913
1005911 1005913
1005911 1005913
1005911 1005913
1005911 1005913
1005911 1005913
1005911 1005913
1005911 1005913
1005911 1005913
1005911 1005913
1005911 1005913
1005911 1005913
1005911 1005913
1005911 1005913
1005911 1005913
1005911 1005913
1005911 1005913
1005911 1005913
1006151 1006153
1006151 1006153
1006151 1006153
1006151 1006153
1006151 1006153
1006151 1006153
1006151 1006153
1006151 1006153
1006151 1006153
1006151 1006153
1006151 1006153
1006151 1006153
1006151 1006153
1006151 1006153
1006151 1006153
1006151 1006153
1006151 1006153
1006151 1006153
1006151 1006153
1006151 1006153
1006151 1006153
1006151 1006153
1006151 1006153
1006151 1006153
1006169 1006171
1006217 1006219
1006217 1006219
1006217 1006219
1006217 1006219
1006217 1006219
1006301 1006303
1006301 1006303
1006301 1006303
1006301 1006303
1006301 1006303
1006301 1006303
1006301 1006303
1006301 1006303
1006301 1006303
1006331 1006333
1006331 1006333
1006331 1006333
1006391 1006393
1006391 1006393
1006391 1006393
1006391 1006393
1006391 1006393
1006391 1006393
1006469 1006471
1006469 1006471
1006469 1006471
1006469 1006471
1006469 1006471
1006469 1006471
1006469 1006471
1006781 1006783
1006781 1006783
1006781 1006783
1006781 1006783
1006781 1006783
1006781 1006783
1006781 1006783
1006781 1006783
1006781 1006783
1006781 1006783
1006781 1006783
1006781 1006783
1006781 1006783
1006781 1006783
1006781 1006783
1006781 1006783
1006781 1006783
1006781 1006783
1006781 1006783
1006781 1006783
1006781 1006783
1006781 1006783
1006781 1006783
1006781 1006783
1006781 1006783
1006781 1006783
1006781 1006783
1006781 1006783
1006781 1006783
1006781 1006783
1006781 1006783
1006781 1006783
1006877 1006879
1006877 1006879
1006877 1006879
1006877 1006879
1006877 1006879
1006877 1006879
1006877 1006879
1006877 1006879
1006877 1006879
1007021 1007023
1007021 1007023
1007021 1007023
1007021 1007023
1007021 1007023
1007021 1007023
1007021 1007023
1007021 1007023
1007021 1007023
1007021 1007023
1007021 1007023
1007021 1007023
1007021 1007023
1007021 1007023
1007021 1007023
1007117 1007119
1007117 1007119
1007117 1007119
1007117 1007119
1007117 1007119
1007117 1007119
1007117 1007119
1007117 1007119
1007117 1007119
1007297 1007299
1007297 1007299
1007297 1007299
1007297 1007299
1007297 1007299
1007297 1007299
1007297 1007299
1007297 1007299
1007297 1007299
1007297 1007299
1007297 1007299
1007297 1007299
1007297 1007299
1007297 1007299
1007297 1007299
1007297 1007299
1007297 1007299
1007297 1007299
1007597 1007599
1007597 1007599
1007597 1007599
1007597 1007599
1007597 1007599
1007597 1007599
1007597 1007599
1007597 1007599
1007597 1007599
1007597 1007599
1007597 1007599
1007597 1007599
1007597 1007599
1007597 1007599
1007597 1007599
1007597 1007599
1007597 1007599
1007597 1007599
1007597 1007599
1007597 1007599
1007597 1007599
1007597 1007599
1007597 1007599
1007597 1007599
1007597 1007599
1007597 1007599
1007597 1007599
1007597 1007599
1007597 1007599
1007597 1007599
1007681 1007683
1007681 1007683
1007681 1007683
1007681 1007683
1007681 1007683
1007681 1007683
1007681 1007683
1007681 1007683
1007681 1007683
1007729 1007731
1007729 1007731
1007729 1007731
1007729 1007731
1007957 1007959
1007957 1007959
1007957 1007959
1007957 1007959
1007957 1007959
1007957 1007959
1007957 1007959
1007957 1007959
1007957 1007959
1007957 1007959
1007957 1007959
1007957 1007959
1007957 1007959
1007957 1007959
1007957 1007959
1007957 1007959
1007957 1007959
1007957 1007959
1007957 1007959
1007957 1007959
1007957 1007959
1007957 1007959
1007957 1007959
1008041 1008043
1008041 1008043
1008041 1008043
1008041 1008043
1008041 1008043
1008041 1008043
1008041 1008043
1008041 1008043
1008041 1008043
1008407 1008409
1008407 1008409
1008407 1008409
1008407 1008409
1008407 1008409
1008407 1008409
1008407 1008409
1008407 1008409
1008407 1008409
1008407 1008409
1008407 1008409
1008407 1008409
1008407 1008409
1008407 1008409
1008407 1008409
1008407 1008409
1008407 1008409
1008407 1008409
1008407 1008409
1008407 1008409
1008407 1008409
1008407 1008409
1008407 1008409
1008407 1008409
1008407 1008409
1008407 1008409
1008407 1008409
1008407 1008409
1008407 1008409
1008407 1008409
1008407 1008409
1008407 1008409
1008407 1008409
1008407 1008409
1008407 1008409
1008407 1008409
1008419 1008421
1008587 1008589
1008587 1008589
1008587 1008589
1008587 1008589
1008587 1008589
1008587 1008589
1008587 1008589
1008587 1008589
1008587 1008589
1008587 1008589
1008587 1008589
1008587 1008589
1008587 1008589
1008587 1008589
1008587 1008589
1008587 1008589
1008587 1008589
1008611 1008613
1008611 1008613
1008611 1008613
1008779 1008781
1008779 1008781
1008779 1008781
1008779 1008781
1008779 1008781
1008779 1008781
1008779 1008781
1008779 1008781
1008779 1008781
1008779 1008781
1008779 1008781
1008779 1008781
1008779 1008781
1008779 1008781
1008779 1008781
1008779 1008781
1008851 1008853
1008851 1008853
1008851 1008853
1008851 1008853
1008851 1008853
1008851 1008853
1008851 1008853
1008851 1008853
1008911 1008913
1008911 1008913
1008911 1008913
1008911 1008913
1008911 1008913
1008911 1008913
1008989 1008991
1008989 1008991
1008989 1008991
1008989 1008991
1008989 1008991
1008989 1008991
1008989 1008991
1009157 1009159
1009157 1009159
1009157 1009159
1009157 1009159
1009157 1009159
1009157 1009159
1009157 1009159
1009157 1009159
1009157 1009159
1009157 1009159
1009157 1009159
1009157 1009159
1009157 1009159
1009157 1009159
1009157 1009159
1009157 1009159
1009157 1009159
1009199 1009201
1009199 1009201
1009199 1009201
1009199 1009201
1009289 1009291
1009289 1009291
1009289 1009291
1009289 1009291
1009289 1009291
1009289 1009291
1009289 1009291
1009289 1009291
1009289 1009291
1009301 1009303
1009301 1009303
1009319 1009321
1009499 1009501
1009499 1009501
1009499 1009501
1009499 1009501
1009499 1009501
1009499 1009501
1009499 1009501
1009499 1009501
1009499 1009501
1009499 1009501
1009499 1009501
1009499 1009501
1009499 1009501
1009499 1009501
1009499 1009501
1009499 1009501
1009499 1009501
1009499 1009501
1009649 1009651
1009649 1009651
1009649 1009651
1009649 1009651
1009649 1009651
1009649 1009651
1009649 1009651
1009649 1009651
1009649 1009651
1009649 1009651
1009649 1009651
1009649 1009651
1009649 1009651
1009649 1009651
1009649 1009651
1009991 1009993
1009991 1009993
1009991 1009993
1009991 1009993
1009991 1009993
1009991 1009993
1009991 1009993
1009991 1009993
1009991 1009993
1009991 1009993
1009991 1009993
1009991 1009993
1009991 1009993
1009991 1009993
1009991 1009993
1009991 1009993
1009991 1009993
1009991 1009993
1009991 1009993
1009991 1009993
1009991 1009993
1009991 1009993
1009991 1009993
1009991 1009993
1009991 1009993
1009991 1009993
1009991 1009993
1009991 1009993
1009991 1009993
1009991 1009993
1009991 1009993
1009991 1009993
1009991 1009993
1009991 1009993
1009991 1009993