1000037 1000039
1000037 1000039
1000037 1000039
1000037 1000039
1000211 1000213
1000211 1000213
1000211 1000213
1000211 1000213
1000211 1000213
1000211 1000213
1000211 1000213
1000211 1000213
1000211 1000213
1000211 1000213
1000211 1000213
1000211 1000213
1000211 1000213
1000211 1000213
1000211 1000213
1000211 1000213
1000211 1000213
1000211 1000213
1000289 1000291
1000289 1000291
1000289 1000291
1000289 1000291
1000289 1000291
1000289 1000291
1000289 1000291
1000427 1000429
1000427 1000429
1000427 1000429
1000427 1000429
1000427 1000429
1000427 1000429
1000427 1000429
1000427 1000429
1000427 1000429
1000427 1000429
1000427 1000429
1000427 1000429
1000427 1000429
1000427 1000429
1000577 1000579
1000577 1000579
1000577 1000579
1000577 1000579
1000577 1000579
1000577 1000579
1000577 1000579
1000577 1000579
1000577 1000579
1000577 1000579
1000577 1000579
1000577 1000579
1000577 1000579
1000577 1000579
1000577 1000579
1000619 1000621
1000619 1000621
1000619 1000621
1000619 1000621
1000667 1000669
1000667 1000669
1000667 1000669
1000667 1000669
1000667 1000669
1000721 1000723
1000721 1000723
1000721 1000723
1000721 1000723
1000721 1000723
1000721 1000723
1000847 1000849
1000847 1000849
1000847 1000849
1000847 1000849
1000847 1000849
1000847 1000849
1000847 1000849
1000847 1000849
1000847 1000849
1000847 1000849
1000847 1000849
1000847 1000849
1000859 1000861
1000919 1000921
1000919 1000921
1000919 1000921
1000919 1000921
1000919 1000921
1000919 1000921
1001087 1001089
1001087 1001089
1001087 1001089
1001087 1001089
1001087 1001089
1001087 1001089
1001087 1001089
1001087 1001089
1001087 1001089
1001087 1001089
1001087 1001089
1001087 1001089
1001087 1001089
1001087 1001089
1001087 1001089
1001087 1001089
1001087 1001089
1001321 1001323
1001321 1001323
1001321 1001323
1001321 1001323
1001321 1001323
1001321 1001323
1001321 1001323
1001321 1001323
1001321 1001323
1001321 1001323
1001321 1001323
1001321 1001323
1001321 1001323
1001321 1001323
1001321 1001323
1001321 1001323
1001321 1001323
1001321 1001323
1001321 1001323
1001321 1001323
1001321 1001323
1001321 1001323
1001321 1001323
1001321 1001323
1001387 1001389
1001387 1001389
1001387 1001389
1001387 1001389
1001387 1001389
1001387 1001389
1001549 1001551
1001549 1001551
1001549 1001551
1001549 1001551
1001549 1001551
1001549 1001551
1001549 1001551
1001549 1001551
1001549 1001551
1001549 1001551
1001549 1001551
1001549 1001551
1001549 1001551
1001549 1001551
1001549 1001551
1001549 1001551
1001807 1001809
1001807 1001809
1001807 1001809
1001807 1001809
1001807 1001809
1001807 1001809
1001807 1001809
1001807 1001809
1001807 1001809
1001807 1001809
1001807 1001809
1001807 1001809
1001807 1001809
1001807 1001809
1001807 1001809
1001807 1001809
1001807 1001809
1001807 1001809
1001807 1001809
1001807 1001809
1001807 1001809
1001807 1001809
1001807 1001809
1001807 1001809
1001807 1001809
1001807 1001809
1001981 1001983
1001981 1001983
1001981 1001983
1001981 1001983
1001981 1001983
1001981 1001983
1001981 1001983
1001981 1001983
1001981 1001983
1001981 1001983
1001981 1001983
1001981 1001983
1001981 1001983
1001981 1001983
1001981 1001983
1001981 1001983
1001981 1001983
1001981 1001983
1002149 1002151
1002149 1002151
1002149 1002151
1002149 1002151
1002149 1002151
1002149 1002151
1002149 1002151
1002149 1002151
1002149 1002151
1002149 1002151
1002149 1002151
1002149 1002151
1002149 1002151
1002149 1002151
1002149 1002151
1002149 1002151
1002257 1002259
1002257 1002259
1002257 1002259
1002257 1002259
1002257 1002259
1002257 1002259
1002257 1002259
1002257 1002259
1002257 1002259
1002257 1002259
1002257 1002259
1002341 1002343
1002341 1002343
1002341 1002343
1002341 1002343
1002341 1002343
1002341 1002343
1002341 1002343
1002341 1002343
1002341 1002343
1002359 1002361
1002719 1002721
1002719 1002721
1002719 1002721
1002719 1002721
1002719 1002721
1002719 1002721
1002719 1002721
1002719 1002721
1002719 1002721
1002719 1002721
1002719 1002721
1002719 1002721
1002719 1002721
1002719 1002721
1002719 1002721
1002719 1002721
1002719 1002721
1002719 1002721
1002719 1002721
1002719 1002721
1002719 1002721
1002719 1002721
1002719 1002721
1002719 1002721
1002719 1002721
1002719 1002721
1002719 1002721
1002719 1002721
1002719 1002721
1002719 1002721
1002719 1002721
1002719 1002721
1002719 1002721
1002719 1002721
1002719 1002721
1002719 1002721
1002767 1002769
1002767 1002769
1002767 1002769
1002767 1002769
1002767 1002769
1002851 1002853
1002851 1002853
1002851 1002853
1002851 1002853
1002851 1002853
1002851 1002853
1002851 1002853
1002851 1002853
1002851 1002853
1002929 1002931
1002929 1002931
1002929 1002931
1002929 1002931
1002929 1002931
1002929 1002931
1002929 1002931
1003001 1003003
1003001 1003003
1003001 1003003
1003001 1003003
1003001 1003003
1003001 1003003
1003001 1003003
1003001 1003003
1003109 1003111
1003109 1003111
1003109 1003111
1003109 1003111
1003109 1003111
1003109 1003111
1003109 1003111
1003109 1003111
1003109 1003111
1003109 1003111
1003199 1003201
1003199 1003201
1003199 1003201
1003199 1003201
1003199 1003201
1003199 1003201
1003199 1003201
1003199 1003201
1003199 1003201
1003349 1003351
1003349 1003351
1003349 1003351
1003349 1003351
1003349 1003351
1003349 1003351
1003349 1003351
1003349 1003351
1003349 1003351
1003349 1003351
1003349 1003351
1003349 1003351
1003349 1003351
1003349 1003351
1003349 1003351
1003361 1003363
1003361 1003363
1003619 1003621
1003619 1003621
1003619 1003621
1003619 1003621
1003619 1003621
1003619 1003621
1003619 1003621
1003619 1003621
1003619 1003621
1003619 1003621
1003619 1003621
1003619 1003621
1003619 1003621
1003619 1003621
1003619 1003621
1003619 1003621
1003619 1003621
1003619 1003621
1003619 1003621
1003619 1003621
1003619 1003621
1003619 1003621
1003619 1003621
1003619 1003621
1003619 1003621
1003817 1003819
1003817 1003819
1003817 1003819
1003817 1003819
1003817 1003819
1003817 1003819
1003817 1003819
1003817 1003819
1003817 1003819
1003817 1003819
1003817 1003819
1003817 1003819
1003817 1003819
1003817 1003819
1003817 1003819
1003817 1003819
1003817 1003819
1003817 1003819
1003817 1003819
1003817 1003819
1003907 1003909
1003907 1003909
1003907 1003909
1003907 1003909
1003907 1003909
1003907 1003909
1003907 1003909
1003907 1003909
1003907 1003909
1004117 1004119
1004117 1004119
1004117 1004119
1004117 1004119
1004117 1004119
1004117 1004119
1004117 1004119
1004117 1004119
1004117 1004119
1004117 1004119
1004117 1004119
1004117 1004119
1004117 1004119
1004117 1004119
1004117 1004119
1004117 1004119
1004117 1004119
1004117 1004119
1004117 1004119
1004117 1004119
1004117 1004119
1004657 1004659
1004657 1004659
1004657 1004659
1004657 1004659
1004657 1004659
1004657 1004659
1004657 1004659
1004657 1004659
1004657 1004659
1004657 1004659
1004657 1004659
1004657 1004659
1004657 1004659
1004657 1004659
1004657 1004659
1004657 1004659
1004657 1004659
1004657 1004659
1004657 1004659
1004657 1004659
1004657 1004659
1004657 1004659
1004657 1004659
1004657 1004659
1004657 1004659
1004657 1004659
1004657 1004659
1004657 1004659
1004657 1004659
1004657 1004659
1004657 1004659
1004657 1004659
1004657 1004659
1004657 1004659
1004657 1004659
1004657 1004659
1004657 1004659
1004657 1004659
1004657 1004659
1004657 1004659
1004657 1004659
1004657 1004659
1004657 1004659
1004657 1004659
1004657 1004659
1004657 1004659
1004657 1004659
1004657 1004659
1004657 1004659
1004657 1004659
1004657 1004659
1004657 1004659
1004657 1004659
1004657 1004659
1004669 1004671
1004747 1004749
1004747 1004749
1004747 1004749
1004747 1004749
1004747 1004749
1004747 1004749
1004747 1004749
1004747 1004749
1005071 1005073
1005071 1005073
1005071 1005073
1005071 1005073
1005071 1005073
1005071 1005073
1005071 1005073
1005071 1005073
1005071 1005073
1005071 1005073
1005071 1005073
1005071 1005073
1005071 1005073
1005071 1005073
1005071 1005073
1005071 1005073
1005071 1005073
1005071 1005073
1005071 1005073
1005071 1005073
1005071 1005073
1005071 1005073
1005071 1005073
1005071 1005073
1005071 1005073
1005071 1005073
1005071 1005073
1005071 1005073
1005071 1005073
1005071 1005073
1005071 1005073
1005071 1005073
1005071 1005073
1005131 1005133
1005131 1005133
1005131 1005133
1005131 1005133
1005131 1005133
1005131 1005133
1005239 1005241
1005239 1005241
1005239 1005241
1005239 1005241
1005239 1005241
1005239 1005241
1005239 1005241
1005239 1005241
1005239 1005241
1005239 1005241
1005371 1005373
1005371 1005373
1005371 1005373
1005371 1005373
1005371 1005373
1005371 1005373
1005371 1005373
1005371 1005373
1005371 1005373
1005371 1005373
1005371 1005373
1005371 1005373
1005371 1005373
1005371 1005373
1005437 1005439
1005437 1005439
1005437 1005439
1005437 1005439
1005437 1005439
1005437 1005439
1005551 1005553
1005551 1005553
1005551 1005553
1005551 1005553
1005551 1005553
1005551 1005553
1005551 1005553
1005551 1005553
1005551 1005553
1005551 1005553
1005551 1005553
1005551 1005553
1005617 1005619
1005617 1005619
1005617 1005619
1005617 1005619
1005617 1005619
1005617 1005619
1005677 1005679
1005677 1005679
1005677 1005679
1005677 1005679
1005677 1005679
1005677 1005679
1005911 1005913
1005911 1005913
1005911 1005913
1005911 1005913
1005911 1005913
1005911 1005913
1005911 1005913
1005911 1005913
1005911 1005913
1005911 1005913
1005911 1005913
1005911 1005913
1005911 1005913
1005911 1005913
1005911 1005913
1005911 1005913
1005911 1005913
1005911 1005913
1005911 1005913
1005911 1005913
1005911 1005913
1005911 1005913
1005911 1005913
1005911 1005913
1006151 1006153
1006151 1006153
1006151 1006153
1006151 1006153
1006151 1006153
1006151 1006153
1006151 1006153
1006151 1006153
1006151 1006153
1006151 1006153
1006151 1006153
1006151 1006153
1006151 1006153
1006151 1006153
1006151 1006153
1006151 1006153
1006151 1006153
1006151 1006153
1006151 1006153
1006151 1006153
1006151 1006153
1006151 1006153
1006151 1006153
1006151 1006153
1006169 1006171
1006217 1006219
1006217 1006219
1006217 1006219
1006217 1006219
1006217 1006219
1006301 1006303
1006301 1006303
1006301 1006303
1006301 1006303
1006301 1006303
1006301 1006303
1006301 1006303
1006301 1006303
1006301 1006303
1006331 1006333
1006331 1006333
1006331 1006333
1006391 1006393
1006391 1006393
1006391 1006393
1006391 1006393
1006391 1006393
1006391 1006393
1006469 1006471
1006469 1006471
1006469 1006471
1006469 1006471
1006469 1006471
1006469 1006471
1006469 1006471
1006781 1006783
1006781 1006783
1006781 1006783
1006781 1006783
1006781 1006783
1006781 1006783
1006781 1006783
1006781 1006783
1006781 1006783
1006781 1006783
1006781 1006783
1006781 1006783
1006781 1006783
1006781 1006783
1006781 1006783
1006781 1006783
1006781 1006783
1006781 1006783
1006781 1006783
1006781 1006783
1006781 1006783
1006781 1006783
1006781 1006783
1006781 1006783
1006781 1006783
1006781 1006783
1006781 1006783
1006781 1006783
1006781 1006783
1006781 1006783
1006781 1006783
1006781 1006783
1006877 1006879
1006877 1006879
1006877 1006879
1006877 1006879
1006877 1006879
1006877 1006879
1006877 1006879
1006877 1006879
1006877 1006879
1007021 1007023
1007021 1007023
1007021 1007023
1007021 1007023
1007021 1007023
1007021 1007023
1007021 1007023
1007021 1007023
1007021 1007023
1007021 1007023
1007021 1007023
1007021 1007023
1007021 1007023
1007021 1007023
1007021 1007023
1007117 1007119
1007117 1007119
1007117 1007119
1007117 1007119
1007117 1007119
1007117 1007119
1007117 1007119
1007117 1007119
1007117 1007119
1007297 1007299
1007297 1007299
1007297 1007299
1007297 1007299
1007297 1007299
1007297 1007299
1007297 1007299
1007297 1007299
1007297 1007299
1007297 1007299
1007297 1007299
1007297 1007299
1007297 1007299
1007297 1007299
1007297 1007299
1007297 1007299
1007297 1007299
1007297 1007299
1007597 1007599
1007597 1007599
1007597 1007599
1007597 1007599
1007597 1007599
1007597 1007599
1007597 1007599
1007597 1007599
1007597 1007599
1007597 1007599
1007597 1007599
1007597 1007599
1007597 1007599
1007597 1007599
1007597 1007599
1007597 1007599
1007597 1007599
1007597 1007599
1007597 1007599
1007597 1007599
1007597 1007599
1007597 1007599
1007597 1007599
1007597 1007599
1007597 1007599
1007597 1007599
1007597 1007599
1007597 1007599
1007597 1007599
1007597 1007599
1007681 1007683
1007681 1007683
1007681 1007683
1007681 1007683
1007681 1007683
1007681 1007683
1007681 1007683
1007681 1007683
1007681 1007683
1007729 1007731
1007729 1007731
1007729 1007731
1007729 1007731
1007957 1007959
1007957 1007959
1007957 1007959
1007957 1007959
1007957 1007959
1007957 1007959
1007957 1007959
1007957 1007959
1007957 1007959
1007957 1007959
1007957 1007959
1007957 1007959
1007957 1007959
1007957 1007959
1007957 1007959
1007957 1007959
1007957 1007959
1007957 1007959
1007957 1007959
1007957 1007959
1007957 1007959
1007957 1007959
1007957 1007959
1008041 1008043
1008041 1008043
1008041 1008043
1008041 1008043
1008041 1008043
1008041 1008043
1008041 1008043
1008041 1008043
1008041 1008043
1008407 1008409
1008407 1008409
1008407 1008409
1008407 1008409
1008407 1008409
1008407 1008409
1008407 1008409
1008407 1008409
1008407 1008409
1008407 1008409
1008407 1008409
1008407 1008409
1008407 1008409
1008407 1008409
1008407 1008409
1008407 1008409
1008407 1008409
1008407 1008409
1008407 1008409
1008407 1008409
1008407 1008409
1008407 1008409
1008407 1008409
1008407 1008409
1008407 1008409
1008407 1008409
1008407 1008409
1008407 1008409
1008407 1008409
1008407 1008409
1008407 1008409
1008407 1008409
1008407 1008409
1008407 1008409
1008407 1008409
1008407 1008409
1008419 1008421
1008587 1008589
1008587 1008589
1008587 1008589
1008587 1008589
1008587 1008589
1008587 1008589
1008587 1008589
1008587 1008589
1008587 1008589
1008587 1008589
1008587 1008589
1008587 1008589
1008587 1008589
1008587 1008589
1008587 1008589
1008587 1008589
1008587 1008589
1008611 1008613
1008611 1008613
1008611 1008613
1008779 1008781
1008779 1008781
1008779 1008781
1008779 1008781
1008779 1008781
1008779 1008781
1008779 1008781
1008779 1008781
1008779 1008781
1008779 1008781
1008779 1008781
1008779 1008781
1008779 1008781
1008779 1008781
1008779 1008781
1008779 1008781
1008851 1008853
1008851 1008853
1008851 1008853
1008851 1008853
1008851 1008853
1008851 1008853
1008851 1008853
1008851 1008853
1008911 1008913
1008911 1008913
1008911 1008913
1008911 1008913
1008911 1008913
1008911 1008913
1008989 1008991
1008989 1008991
1008989 1008991
1008989 1008991
1008989 1008991
1008989 1008991
1008989 1008991
1009157 1009159
1009157 1009159
1009157 1009159
1009157 1009159
1009157 1009159
1009157 1009159
1009157 1009159
1009157 1009159
1009157 1009159
1009157 1009159
1009157 1009159
1009157 1009159
1009157 1009159
1009157 1009159
1009157 1009159
1009157 1009159
1009157 1009159
1009199 1009201
1009199 1009201
1009199 1009201
1009199 1009201
1009289 1009291
1009289 1009291
1009289 1009291
1009289 1009291
1009289 1009291
1009289 1009291
1009289 1009291
1009289 1009291
1009289 1009291
1009301 1009303
1009301 1009303
1009319 1009321
1009499 1009501
1009499 1009501
1009499 1009501
1009499 1009501
1009499 1009501
1009499 1009501
1009499 1009501
1009499 1009501
1009499 1009501
1009499 1009501
1009499 1009501
1009499 1009501
1009499 1009501
1009499 1009501
1009499 1009501
1009499 1009501
1009499 1009501
1009499 1009501
1009649 1009651
1009649 1009651
1009649 1009651
1009649 1009651
1009649 1009651
1009649 1009651
1009649 1009651
1009649 1009651
1009649 1009651
1009649 1009651
1009649 1009651
1009649 1009651
1009649 1009651
1009649 1009651
1009649 1009651
1009991 1009993
1009991 1009993
1009991 1009993
1009991 1009993
1009991 1009993
1009991 1009993
1009991 1009993
1009991 1009993
1009991 1009993
1009991 1009993
1009991 1009993
1009991 1009993
1009991 1009993
1009991 1009993
1009991 1009993
1009991 1009993
1009991 1009993
1009991 1009993
1009991 1009993
1009991 1009993
1009991 1009993
1009991 1009993
1009991 1009993
1009991 1009993
1009991 1009993
1009991 1009993
1009991 1009993
1009991 1009993
1009991 1009993
1009991 1009993
1009991 1009993
1009991 1009993
1009991 1009993
1009991 1009993
1009991 1009993
1010081 1010083
1010081 1010083
1010081 1010083
1010081 1010083
1010081 1010083
1010081 1010083
1010081 1010083
1010081 1010083
1010081 1010083
1010129 1010131
1010129 1010131
1010129 1010131
1010129 1010131
1010201 1010203
1010201 1010203
1010201 1010203
1010201 1010203
1010201 1010203
1010201 1010203
1010201 1010203
1010201 1010203
1010717 1010719
1010717 1010719
1010717 1010719
1010717 1010719
1010717 1010719
1010717 1010719
1010717 1010719
1010717 1010719
1010717 1010719
1010717 1010719
1010717 1010719
1010717 1010719
1010717 1010719
1010717 1010719
1010717 1010719
1010717 1010719
1010717 1010719
1010717 1010719
1010717 1010719
1010717 1010719
1010717 1010719
1010717 1010719
1010717 1010719
1010717 1010719
1010717 1010719
1010717 1010719
1010717 1010719
1010717 1010719
1010717 1010719
1010717 1010719
1010717 1010719
1010717 1010719
1010717 1010719
1010717 1010719
1010717 1010719
1010717 1010719
1010717 1010719
1010717 1010719
1010717 1010719
1010717 1010719
1010717 1010719
1010717 1010719
1010717 1010719
1010717 1010719
1010717 1010719
1010717 1010719
1010717 1010719
1010717 1010719
1010717 1010719
1010717 1010719
1010717 1010719
1010747 1010749
1010747 1010749
1010747 1010749
1010897 1010899
1010897 1010899
1010897 1010899
1010897 1010899
1010897 1010899
1010897 1010899
1010897 1010899
1010897 1010899
1010897 1010899
1010897 1010899
1010897 1010899
1010897 1010899
1010897 1010899
1010897 1010899
1010897 1010899
1010981 1010983
1010981 1010983
1010981 1010983
1010981 1010983
1010981 1010983
1010981 1010983
1010981 1010983
1010981 1010983
1010981 1010983
1011077 1011079
1011077 1011079
1011077 1011079
1011077 1011079
1011077 1011079
1011077 1011079
1011077 1011079
1011077 1011079
1011077 1011079
1011137 1011139
1011137 1011139
1011137 1011139
1011137 1011139
1011137 1011139
1011137 1011139
1011587 1011589
1011587 1011589
1011587 1011589
1011587 1011589
1011587 1011589
1011587 1011589
1011587 1011589
1011587 1011589
1011587 1011589
1011587 1011589
1011587 1011589
1011587 1011589
1011587 1011589
1011587 1011589
1011587 1011589
1011587 1011589
1011587 1011589
1011587 1011589
1011587 1011589
1011587 1011589
1011587 1011589
1011587 1011589
1011587 1011589
1011587 1011589
1011587 1011589
1011587 1011589
1011587 1011589
1011587 1011589
1011587 1011589
1011587 1011589
1011587 1011589
1011587 1011589
1011587 1011589
1011587 1011589
1011587 1011589
1011587 1011589
1011587 1011589
1011587 1011589
1011587 1011589
1011587 1011589
1011587 1011589
1011587 1011589
1011587 1011589
1011587 1011589
1011587 1011589
1011599 1011601
1011797 1011799
1011797 1011799
1011797 1011799
1011797 1011799
1011797 1011799
1011797 1011799
1011797 1011799
1011797 1011799
1011797 1011799
1011797 1011799
1011797 1011799
1011797 1011799
1011797 1011799
1011797 1011799
1011797 1011799
1011797 1011799
1011797 1011799
1011797 1011799
1011797 1011799
1011797 1011799
1012007 1012009
1012007 1012009
1012007 1012009
1012007 1012009
1012007 1012009
1012007 1012009
1012007 1012009
1012007 1012009
1012007 1012009
1012007 1012009
1012007 1012009
1012007 1012009
1012007 1012009
1012007 1012009
1012007 1012009
1012007 1012009
1012007 1012009
1012007 1012009
1012007 1012009
1012007 1012009
1012007 1012009
1012259 1012261
1012259 1012261
1012259 1012261
1012259 1012261
1012259 1012261
1012259 1012261
1012259 1012261
1012259 1012261
1012259 1012261
1012259 1012261
1012259 1012261
1012259 1012261
1012259 1012261
1012259 1012261
1012259 1012261
1012259 1012261
1012259 1012261
1012259 1012261
1012259 1012261
1012259 1012261
1012259 1012261
1012259 1012261
1012259 1012261
1012259 1012261
1012259 1012261
1012397 1012399
1012397 1012399
1012397 1012399
1012397 1012399
1012397 1012399
1012397 1012399
1012397 1012399
1012397 1012399
1012397 1012399
1012397 1012399
1012397 1012399
1012397 1012399
1012397 1012399
1012397 1012399
1012421 1012423
1012421 1012423
1012421 1012423
1012547 1012549
1012547 1012549
1012547 1012549
1012547 1012549
1012547 1012549
1012547 1012549
1012547 1012549
1012547 1012549
1012547 1012549
1012547 1012549
1012547 1012549
1012547 1012549
1012631 1012633
1012631 1012633
1012631 1012633
1012631 1012633
1012631 1012633
1012631 1012633
1012631 1012633
1012631 1012633
1012631 1012633
1012769 1012771
1012769 1012771
1012769 1012771
1012769 1012771
1012769 1012771
1012769 1012771
1012769 1012771
1012769 1012771
1012769 1012771
1012769 1012771
1012769 1012771
1012769 1012771
1012769 1012771
1012829 1012831
1012829 1012831
1012829 1012831
1012829 1012831
1012829 1012831
1012829 1012831
1013237 1013239
1013237 1013239
1013237 1013239
1013237 1013239
1013237 1013239
1013237 1013239
1013237 1013239
1013237 1013239
1013237 1013239
1013237 1013239
1013237 1013239
1013237 1013239
1013237 1013239
1013237 1013239
1013237 1013239
1013237 1013239
1013237 1013239
1013237 1013239
1013237 1013239
1013237 1013239
1013237 1013239
1013237 1013239
1013237 1013239
1013237 1013239
1013237 1013239
1013237 1013239
1013237 1013239
1013237 1013239
1013237 1013239
1013237 1013239
1013237 1013239
1013237 1013239
1013237 1013239
1013237 1013239
1013237 1013239
1013237 1013239
1013237 1013239
1013237 1013239
1013237 1013239
1013237 1013239
1013237 1013239
1013399 1013401
1013399 1013401
1013399 1013401
1013399 1013401
1013399 1013401
1013399 1013401
1013399 1013401
1013399 1013401
1013399 1013401
1013399 1013401
1013399 1013401
1013399 1013401
1013399 1013401
1013399 1013401
1013399 1013401
1013399 1013401
1013429 1013431
1013429 1013431
1013429 1013431
1013501 1013503
1013501 1013503
1013501 1013503
1013501 1013503
1013501 1013503
1013501 1013503
1013501 1013503
1013501 1013503
1013531 1013533
1013531 1013533
1013531 1013533
1013627 1013629
1013627 1013629
1013627 1013629
1013627 1013629
1013627 1013629
1013627 1013629
1013627 1013629
1013627 1013629
1013627 1013629
1013711 1013713
1013711 1013713
1013711 1013713
1013711 1013713
1013711 1013713
1013711 1013713
1013711 1013713
1013711 1013713
1013711 1013713
1013891 1013893
1013891 1013893
1013891 1013893
1013891 1013893
1013891 1013893
1013891 1013893
1013891 1013893
1013891 1013893
1013891 1013893
1013891 1013893
1013891 1013893
1013891 1013893
1013891 1013893
1013891 1013893
1013891 1013893
1013891 1013893
1013891 1013893
1013891 1013893
1013921 1013923
1013921 1013923
1013921 1013923
1014197 1014199
1014197 1014199
1014197 1014199
1014197 1014199
1014197 1014199
1014197 1014199
1014197 1014199
1014197 1014199
1014197 1014199
1014197 1014199
1014197 1014199
1014197 1014199
1014197 1014199
1014197 1014199
1014197 1014199
1014197 1014199
1014197 1014199
1014197 1014199
1014197 1014199
1014197 1014199
1014197 1014199
1014197 1014199
1014197 1014199
1014197 1014199
1014197 1014199
1014197 1014199
1014197 1014199
1014257 1014259
1014257 1014259
1014257 1014259
1014257 1014259
1014257 1014259
1014257 1014259
1014317 1014319
1014317 1014319
1014317 1014319
1014317 1014319
1014317 1014319
1014317 1014319
1014359 1014361
1014359 1014361
1014359 1014361
1014359 1014361
1014719 1014721
1014719 1014721
1014719 1014721
1014719 1014721
1014719 1014721
1014719 1014721
1014719 1014721
1014719 1014721
1014719 1014721
1014719 1014721
1014719 1014721
1014719 1014721
1014719 1014721
1014719 1014721
1014719 1014721
1014719 1014721
1014719 1014721
1014719 1014721
1014719 1014721
1014719 1014721
1014719 1014721
1014719 1014721
1014719 1014721
1014719 1014721
1014719 1014721
1014719 1014721
1014719 1014721
1014719 1014721
1014719 1014721
1014719 1014721
1014719 1014721
1014719 1014721
1014719 1014721
1014719 1014721
1014719 1014721
1014719 1014721
1014887 1014889
1014887 1014889
1014887 1014889
1014887 1014889
1014887 1014889
1014887 1014889
1014887 1014889
1014887 1014889
1014887 1014889
1014887 1014889
1014887 1014889
1014887 1014889
1014887 1014889
1014887 1014889
1014887 1014889
1014887 1014889
1014887 1014889
1015361 1015363
1015361 1015363
1015361 1015363
1015361 1015363
1015361 1015363
1015361 1015363
1015361 1015363
1015361 1015363
1015361 1015363
1015361 1015363
1015361 1015363
1015361 1015363
1015361 1015363
1015361 1015363
1015361 1015363
1015361 1015363
1015361 1015363
1015361 1015363
1015361 1015363
1015361 1015363
1015361 1015363
1015361 1015363
1015361 1015363
1015361 1015363
1015361 1015363
1015361 1015363
1015361 1015363
1015361 1015363
1015361 1015363
1015361 1015363
1015361 1015363
1015361 1015363
1015361 1015363
1015361 1015363
1015361 1015363
1015361 1015363
1015361 1015363
1015361 1015363
1015361 1015363
1015361 1015363
1015361 1015363
1015361 1015363
1015361 1015363
1015361 1015363
1015361 1015363
1015361 1015363
1015361 1015363
1015361 1015363
1015451 1015453
1015451 1015453
1015451 1015453
1015451 1015453
1015451 1015453
1015451 1015453
1015451 1015453
1015451 1015453
1015451 1015453
1015499 1015501
1015499 1015501
1015499 1015501
1015499 1015501
1015559 1015561
1015559 1015561
1015559 1015561
1015559 1015561
1015559 1015561
1015559 1015561
1015601 1015603
1015601 1015603
1015601 1015603
1015601 1015603
1015601 1015603
1016009 1016011
1016009 1016011
1016009 1016011
1016009 1016011
1016009 1016011
1016009 1016011
1016009 1016011
1016009 1016011
1016009 1016011
1016009 1016011
1016009 1016011
1016009 1016011
1016009 1016011
1016009 1016011
1016009 1016011
1016009 1016011
1016009 1016011
1016009 1016011
1016009 1016011
1016009 1016011
1016009 1016011
1016009 1016011
1016009 1016011
1016009 1016011
1016009 1016011
1016009 1016011
1016009 1016011
1016009 1016011
1016009 1016011
1016009 1016011
1016009 1016011
1016009 1016011
1016009 1016011
1016009 1016011
1016009 1016011
1016009 1016011
1016009 1016011
1016009 1016011
1016009 1016011
1016009 1016011
1016051 1016053
1016051 1016053
1016051 1016053
1016051 1016053
1016051 1016053
1016201 1016203
1016201 1016203
1016201 1016203
1016201 1016203
1016201 1016203
1016201 1016203
1016201 1016203
1016201 1016203
1016201 1016203
1016201 1016203
1016201 1016203
1016201 1016203
1016201 1016203
1016201 1016203
1016201 1016203
1016339 1016341
1016339 1016341
1016339 1016341
1016339 1016341
1016339 1016341
1016339 1016341
1016339 1016341
1016339 1016341
1016339 1016341
1016339 1016341
1016339 1016341
1016339 1016341
1016339 1016341
1016357 1016359
1016357 1016359
1016399 1016401
1016399 1016401
1016399 1016401
1016399 1016401
1016567 1016569
1016567 1016569
1016567 1016569
1016567 1016569
1016567 1016569
1016567 1016569
1016567 1016569
1016567 1016569
1016567 1016569
1016567 1016569
1016567 1016569
1016567 1016569
1016567 1016569
1016567 1016569
1016567 1016569
1016567 1016569
1016567 1016569
1016597 1016599
1016597 1016599
1016597 1016599
1016879 1016881
1016879 1016881
1016879 1016881
1016879 1016881
1016879 1016881
1016879 1016881
1016879 1016881
1016879 1016881
1016879 1016881
1016879 1016881
1016879 1016881
1016879 1016881
1016879 1016881
1016879 1016881
1016879 1016881
1016879 1016881
1016879 1016881
1016879 1016881
1016879 1016881
1016879 1016881
1016879 1016881
1016879 1016881
1016879 1016881
1016879 1016881
1016879 1016881
1016879 1016881
1016879 1016881
1016879 1016881
1016927 1016929
1016927 1016929
1016927 1016929
1016927 1016929
1016927 1016929
1017041 1017043
1017041 1017043
1017041 1017043
1017041 1017043
1017041 1017043
1017041 1017043
1017041 1017043
1017041 1017043
1017041 1017043
1017041 1017043
1017041 1017043
1017041 1017043
1017299 1017301
1017299 1017301
1017299 1017301
1017299 1017301
1017299 1017301
1017299 1017301
1017299 1017301
1017299 1017301
1017299 1017301
1017299 1017301
1017299 1017301
1017299 1017301
1017299 1017301
1017299 1017301
1017299 1017301
1017299 1017301
1017299 1017301
1017299 1017301
1017299 1017301
1017299 1017301
1017299 1017301
1017299 1017301
1017299 1017301
1017299 1017301
1017299 1017301
1017437 1017439
1017437 1017439
1017437 1017439
1017437 1017439
1017437 1017439
1017437 1017439
1017437 1017439
1017437 1017439
1017437 1017439
1017437 1017439
1017437 1017439
1017437 1017439
1017437 1017439
1017437 1017439
1017479 1017481
1017479 1017481
1017479 1017481
1017479 1017481
1017551 1017553
1017551 1017553
1017551 1017553
1017551 1017553
1017551 1017553
1017551 1017553
1017551 1017553
1017551 1017553
1017647 1017649
1017647 1017649
1017647 1017649
1017647 1017649
1017647 1017649
1017647 1017649
1017647 1017649
1017647 1017649
1017647 1017649
1017719 1017721
1017719 1017721
1017719 1017721
1017719 1017721
1017719 1017721
1017719 1017721
1017719 1017721
1017857 1017859
1017857 1017859
1017857 1017859
1017857 1017859
1017857 1017859
1017857 1017859
1017857 1017859
1017857 1017859
1017857 1017859
1017857 1017859
1017857 1017859
1017857 1017859
1017857 1017859
1017857 1017859
1018019 1018021
1018019 1018021
1018019 1018021
1018019 1018021
1018019 1018021
1018019 1018021
1018019 1018021
1018019 1018021
1018019 1018021
1018019 1018021
1018019 1018021
1018019 1018021
1018019 1018021
1018019 1018021
1018019 1018021
1018019 1018021
1018649 1018651
1018649 1018651
1018649 1018651
1018649 1018651
1018649 1018651
1018649 1018651
1018649 1018651
1018649 1018651
1018649 1018651
1018649 1018651
1018649 1018651
1018649 1018651
1018649 1018651
1018649 1018651
1018649 1018651
1018649 1018651
1018649 1018651
1018649 1018651
1018649 1018651
1018649 1018651
1018649 1018651
1018649 1018651
1018649 1018651
1018649 1018651
1018649 1018651
1018649 1018651
1018649 1018651
1018649 1018651
1018649 1018651
1018649 1018651
1018649 1018651
1018649 1018651
1018649 1018651
1018649 1018651
1018649 1018651
1018649 1018651
1018649 1018651
1018649 1018651
1018649 1018651
1018649 1018651
1018649 1018651
1018649 1018651
1018649 1018651
1018649 1018651
1018649 1018651
1018649 1018651
1018649 1018651
1018649 1018651
1018649 1018651
1018649 1018651
1018649 1018651
1018649 1018651
1018649 1018651
1018649 1018651
1018649 1018651
1018649 1018651
1018649 1018651
1018649 1018651
1018649 1018651
1018649 1018651
1018649 1018651
1018649 1018651
1018649 1018651
1018709 1018711
1018709 1018711
1018709 1018711
1018709 1018711
1018709 1018711
1018709 1018711
1018811 1018813
1018811 1018813
1018811 1018813
1018811 1018813
1018811 1018813
1018811 1018813
1018811 1018813
1018811 1018813
1018811 1018813
1018811 1018813
1018811 1018813
1019069 1019071
1019069 1019071
1019069 1019071
1019069 1019071
1019069 1019071
1019069 1019071
1019069 1019071
1019069 1019071
1019069 1019071
1019069 1019071
1019069 1019071
1019069 1019071
1019069 1019071
1019069 1019071
1019069 1019071
1019069 1019071
1019069 1019071
1019069 1019071
1019069 1019071
1019069 1019071
1019069 1019071
1019069 1019071
1019069 1019071
1019069 1019071
1019069 1019071
1019351 1019353
1019351 1019353
1019351 1019353
1019351 1019353
1019351 1019353
1019351 1019353
1019351 1019353
1019351 1019353
1019351 1019353
1019351 1019353
1019351 1019353
1019351 1019353
1019351 1019353
1019351 1019353
1019351 1019353
1019351 1019353
1019351 1019353
1019351 1019353
1019351 1019353
1019351 1019353
1019351 1019353
1019351 1019353
1019351 1019353
1019351 1019353
1019351 1019353
1019351 1019353
1019351 1019353
1019351 1019353
1019351 1019353
1019411 1019413
1019411 1019413
1019411 1019413
1019411 1019413
1019411 1019413
1019411 1019413
1019531 1019533
1019531 1019533
1019531 1019533
1019531 1019533
1019531 1019533
1019531 1019533
1019531 1019533
1019531 1019533
1019531 1019533
1019531 1019533
1019531 1019533
1019531 1019533
1019699 1019701
1019699 1019701
1019699 1019701
1019699 1019701
1019699 1019701
1019699 1019701
1019699 1019701
1019699 1019701
1019699 1019701
1019699 1019701
1019699 1019701
1019699 1019701
1019699 1019701
1019699 1019701
1019699 1019701
1019699 1019701
1019729 1019731
1019729 1019731
1019729 1019731
1020011 1020013
1020011 1020013
1020011 1020013
1020011 1020013
1020011 1020013
1020011 1020013
1020011 1020013
1020011 1020013
1020011 1020013
1020011 1020013
1020011 1020013
1020011 1020013
1020011 1020013
1020011 1020013
1020011 1020013
1020011 1020013
1020011 1020013
1020011 1020013
1020011 1020013
1020011 1020013
1020011 1020013
1020011 1020013
1020011 1020013
1020011 1020013
1020011 1020013
1020011 1020013
1020011 1020013
1020011 1020013
1020011 1020013
1020077 1020079
1020077 1020079
1020077 1020079
1020077 1020079
1020077 1020079
1020077 1020079
1020707 1020709
1020707 1020709
1020707 1020709
1020707 1020709
1020707 1020709
1020707 1020709
1020707 1020709
1020707 1020709
1020707 1020709
1020707 1020709
1020707 1020709
1020707 1020709
1020707 1020709
1020707 1020709
1020707 1020709
1020707 1020709
1020707 1020709
1020707 1020709
1020707 1020709
1020707 1020709
1020707 1020709
1020707 1020709
1020707 1020709
1020707 1020709
1020707 1020709
1020707 1020709
1020707 1020709
1020707 1020709
1020707 1020709
1020707 1020709
1020707 1020709
1020707 1020709
1020707 1020709
1020707 1020709
1020707 1020709
1020707 1020709
1020707 1020709
1020707 1020709
1020707 1020709
1020707 1020709
1020707 1020709
1020707 1020709
1020707 1020709
1020707 1020709
1020707 1020709
1020707 1020709
1020707 1020709
1020707 1020709
1020707 1020709
1020707 1020709
1020707 1020709
1020707 1020709
1020707 1020709
1020707 1020709
1020707 1020709
1020707 1020709
1020707 1020709
1020707 1020709
1020707 1020709
1020707 1020709
1020707 1020709
1020707 1020709
1020707 1020709
1020821 1020823
1020821 1020823
1020821 1020823
1020821 1020823
1020821 1020823
1020821 1020823
1020821 1020823
1020821 1020823
1020821 1020823
1020821 1020823
1020821 1020823
1020821 1020823
1020839 1020841
1020959 1020961
1020959 1020961
1020959 1020961
1020959 1020961
1020959 1020961
1020959 1020961
1020959 1020961
1020959 1020961
1020959 1020961
1020959 1020961
1020959 1020961
1020959 1020961
1020977 1020979
1020977 1020979
1020989 1020991
1021091 1021093
1021091 1021093
1021091 1021093
1021091 1021093
1021091 1021093
1021091 1021093
1021091 1021093
1021091 1021093
1021091 1021093
1021091 1021093
1021091 1021093
1021127 1021129
1021127 1021129
1021127 1021129
1021157 1021159
1021157 1021159
1021157 1021159
1021259 1021261
1021259 1021261
1021259 1021261
1021259 1021261
1021259 1021261
1021259 1021261
1021259 1021261
1021259 1021261
1021259 1021261
1021259 1021261
1021289 1021291
1021289 1021291
1021289 1021291
1021301 1021303
1021301 1021303
1021331 1021333
1021331 1021333
1021331 1021333
1021367 1021369
1021367 1021369
1021367 1021369
1021661 1021663
1021661 1021663
1021661 1021663
1021661 1021663
1021661 1021663
1021661 1021663
1021661 1021663
1021661 1021663
1021661 1021663
1021661 1021663
1021661 1021663
1021661 1021663
1021661 1021663
1021661 1021663
1021661 1021663
1021661 1021663
1021661 1021663
1021661 1021663
1021661 1021663
1021661 1021663
1021661 1021663
1021661 1021663
1021661 1021663
1021661 1021663
1021661 1021663
1021661 1021663
1021661 1021663
1021661 1021663
1021661 1021663
1021661 1021663
1021961 1021963
1021961 1021963
1021961 1021963
1021961 1021963
1021961 1021963
1021961 1021963
1021961 1021963
1021961 1021963
1021961 1021963
1021961 1021963
1021961 1021963
1021961 1021963
1021961 1021963
1021961 1021963
1021961 1021963
1021961 1021963
1021961 1021963
1021961 1021963
1021961 1021963
1021961 1021963
1021961 1021963
1021961 1021963
1021961 1021963
1021961 1021963
1021961 1021963
1021961 1021963
1021961 1021963
1021961 1021963
1021961 1021963
1021961 1021963
1022249 1022251
1022249 1022251
1022249 1022251
1022249 1022251
1022249 1022251
1022249 1022251
1022249 1022251
1022249 1022251
1022249 1022251
1022249 1022251
1022249 1022251
1022249 1022251
1022249 1022251
1022249 1022251
1022249 1022251
1022249 1022251
1022249 1022251
1022249 1022251
1022249 1022251
1022249 1022251
1022249 1022251
1022249 1022251
1022249 1022251
1022249 1022251
1022249 1022251
1022249 1022251
1022249 1022251
1022249 1022251
1022381 1022383
1022381 1022383
1022381 1022383
1022381 1022383
1022381 1022383
1022381 1022383
1022381 1022383
1022381 1022383
1022381 1022383
1022381 1022383
1022381 1022383
1022381 1022383
1022381 1022383
1022381 1022383
1022501 1022503
1022501 1022503
1022501 1022503
1022501 1022503
1022501 1022503
1022501 1022503
1022501 1022503
1022501 1022503
1022501 1022503
1022501 1022503
1022501 1022503
1022501 1022503
1023227 1023229
1023227 1023229
1023227 1023229
1023227 1023229
1023227 1023229
1023227 1023229
1023227 1023229
1023227 1023229
1023227 1023229
1023227 1023229
1023227 1023229
1023227 1023229
1023227 1023229
1023227 1023229
1023227 1023229
1023227 1023229
1023227 1023229
1023227 1023229
1023227 1023229
1023227 1023229
1023227 1023229
1023227 1023229
1023227 1023229
1023227 1023229
1023227 1023229
1023227 1023229
1023227 1023229
1023227 1023229
1023227 1023229
1023227 1023229
1023227 1023229
1023227 1023229
1023227 1023229
1023227 1023229
1023227 1023229
1023227 1023229
1023227 1023229
1023227 1023229
1023227 1023229
1023227 1023229
1023227 1023229
1023227 1023229
1023227 1023229
1023227 1023229
1023227 1023229
1023227 1023229
1023227 1023229
1023227 1023229
1023227 1023229
1023227 1023229
1023227 1023229
1023227 1023229
1023227 1023229
1023227 1023229
1023227 1023229
1023227 1023229
1023227 1023229
1023227 1023229
1023227 1023229
1023227 1023229
1023227 1023229
1023227 1023229
1023227 1023229
1023227 1023229
1023227 1023229
1023227 1023229
1023227 1023229
1023227 1023229
1023227 1023229
1023227 1023229
1023227 1023229
1023227 1023229
1023257 1023259
1023257 1023259
1023257 1023259
1023299 1023301
1023299 1023301
1023299 1023301
1023299 1023301
1023311 1023313
1023311 1023313
1023389 1023391
1023389 1023391
1023389 1023391
1023389 1023391
1023389 1023391
1023389 1023391
1023389 1023391
1023719 1023721
1023719 1023721
1023719 1023721
1023719 1023721
1023719 1023721
1023719 1023721
1023719 1023721
1023719 1023721
1023719 1023721
1023719 1023721
1023719 1023721
1023719 1023721
1023719 1023721
1023719 1023721
1023719 1023721
1023719 1023721
1023719 1023721
1023719 1023721
1023719 1023721
1023719 1023721
1023719 1023721
1023719 1023721
1023719 1023721
1023719 1023721
1023719 1023721
1023719 1023721
1023719 1023721
1023719 1023721
1023719 1023721
1023719 1023721
1023719 1023721
1023719 1023721
1023719 1023721
1023731 1023733
1023731 1023733
1023941 1023943
1023941 1023943
1023941 1023943
1023941 1023943
1023941 1023943
1023941 1023943
1023941 1023943
1023941 1023943
1023941 1023943
1023941 1023943
1023941 1023943
1023941 1023943
1023941 1023943
1023941 1023943
1023941 1023943
1023941 1023943
1023941 1023943
1023941 1023943
1023941 1023943
1023941 1023943
1023941 1023943
1024319 1024321
1024319 1024321
1024319 1024321
1024319 1024321
1024319 1024321
1024319 1024321
1024319 1024321
1024319 1024321
1024319 1024321
1024319 1024321
1024319 1024321
1024319 1024321
1024319 1024321
1024319 1024321
1024319 1024321
1024319 1024321
1024319 1024321
1024319 1024321
1024319 1024321
1024319 1024321
1024319 1024321
1024319 1024321
1024319 1024321
1024319 1024321
1024319 1024321
1024319 1024321
1024319 1024321
1024319 1024321
1024319 1024321
1024319 1024321
1024319 1024321
1024319 1024321
1024319 1024321
1024319 1024321
1024319 1024321
1024319 1024321
1024319 1024321
1024337 1024339
1024337 1024339
1024577 1024579
1024577 1024579
1024577 1024579
1024577 1024579
1024577 1024579
1024577 1024579
1024577 1024579
1024577 1024579
1024577 1024579
1024577 1024579
1024577 1024579
1024577 1024579
1024577 1024579
1024577 1024579
1024577 1024579
1024577 1024579
1024577 1024579
1024577 1024579
1024577 1024579
1024577 1024579
1024577 1024579
1024577 1024579
1024577 1024579
1024577 1024579
1024589 1024591
1025111 1025113
1025111 1025113
1025111 1025113
1025111 1025113
1025111 1025113
1025111 1025113
1025111 1025113
1025111 1025113
1025111 1025113
1025111 1025113
1025111 1025113
1025111 1025113
1025111 1025113
1025111 1025113
1025111 1025113
1025111 1025113
1025111 1025113
1025111 1025113
1025111 1025113
1025111 1025113
1025111 1025113
1025111 1025113
1025111 1025113
1025111 1025113
1025111 1025113
1025111 1025113
1025111 1025113
1025111 1025113
1025111 1025113
1025111 1025113
1025111 1025113
1025111 1025113
1025111 1025113
1025111 1025113
1025111 1025113
1025111 1025113
1025111 1025113
1025111 1025113
1025111 1025113
1025111 1025113
1025111 1025113
1025111 1025113
1025111 1025113
1025111 1025113
1025111 1025113
1025111 1025113
1025111 1025113
1025111 1025113
1025111 1025113
1025111 1025113
1025111 1025113
1025111 1025113
1025111 1025113
1025147 1025149
1025147 1025149
1025147 1025149
1025279 1025281
1025279 1025281
1025279 1025281
1025279 1025281
1025279 1025281
1025279 1025281
1025279 1025281
1025279 1025281
1025279 1025281
1025279 1025281
1025279 1025281
1025279 1025281
1025279 1025281
1025417 1025419
1025417 1025419
1025417 1025419
1025417 1025419
1025417 1025419
1025417 1025419
1025417 1025419
1025417 1025419
1025417 1025419
1025417 1025419
1025417 1025419
1025417 1025419
1025417 1025419
1025417 1025419
1025621 1025623
1025621 1025623
1025621 1025623
1025621 1025623
1025621 1025623
1025621 1025623
1025621 1025623
1025621 1025623
1025621 1025623
1025621 1025623
1025621 1025623
1025621 1025623
1025621 1025623
1025621 1025623
1025621 1025623
1025621 1025623
1025621 1025623
1025621 1025623
1025621 1025623
1025621 1025623
1025621 1025623
1025747 1025749
1025747 1025749
1025747 1025749
1025747 1025749
1025747 1025749
1025747 1025749
1025747 1025749
1025747 1025749
1025747 1025749
1025747 1025749
1025747 1025749
1025747 1025749
1025909 1025911
1025909 1025911
1025909 1025911
1025909 1025911
1025909 1025911
1025909 1025911
1025909 1025911
1025909 1025911
1025909 1025911
1025909 1025911
1025909 1025911
1025909 1025911
1025909 1025911
1025909 1025911
1025909 1025911
1025909 1025911
1026029 1026031
1026029 1026031
1026029 1026031
1026029 1026031
1026029 1026031
1026029 1026031
1026029 1026031
1026029 1026031
1026029 1026031
1026029 1026031
1026029 1026031
1026029 1026031
1026041 1026043
1026041 1026043
1026197 1026199
1026197 1026199
1026197 1026199
1026197 1026199
1026197 1026199
1026197 1026199
1026197 1026199
1026197 1026199
1026197 1026199
1026197 1026199
1026197 1026199
1026197 1026199
1026197 1026199
1026197 1026199
1026197 1026199
1026227 1026229
1026227 1026229
1026227 1026229
1026251 1026253
1026251 1026253
1026251 1026253
1026479 1026481
1026479 1026481
1026479 1026481
1026479 1026481
1026479 1026481
1026479 1026481
1026479 1026481
1026479 1026481
1026479 1026481
1026479 1026481
1026479 1026481
1026479 1026481
1026479 1026481
1026479 1026481
1026479 1026481
1026479 1026481
1026479 1026481
1026479 1026481
1026479 1026481
1026479 1026481
1026479 1026481
1026479 1026481
1026581 1026583
1026581 1026583
1026581 1026583
1026581 1026583
1026581 1026583
1026581 1026583
1026581 1026583
1026581 1026583
1026581 1026583
1026581 1026583
1026581 1026583
1026677 1026679
1026677 1026679
1026677 1026679
1026677 1026679
1026677 1026679
1026677 1026679
1026677 1026679
1026677 1026679
1026677 1026679
1026911 1026913
1026911 1026913
1026911 1026913
1026911 1026913
1026911 1026913
1026911 1026913
1026911 1026913
1026911 1026913
1026911 1026913
1026911 1026913
1026911 1026913
1026911 1026913
1026911 1026913
1026911 1026913
1026911 1026913
1026911 1026913
1026911 1026913
1026911 1026913
1026911 1026913
1026911 1026913
1026911 1026913
1026911 1026913
1026911 1026913
1026911 1026913
1026941 1026943
1026941 1026943
1026941 1026943
1027001 1027003
1027001 1027003
1027001 1027003
1027001 1027003
1027001 1027003
1027001 1027003
1027127 1027129
1027127 1027129
1027127 1027129
1027127 1027129
1027127 1027129
1027127 1027129
1027127 1027129
1027127 1027129
1027127 1027129
1027127 1027129
1027127 1027129
1027127 1027129
1027319 1027321
1027319 1027321
1027319 1027321
1027319 1027321
1027319 1027321
1027319 1027321
1027319 1027321
1027319 1027321
1027319 1027321
1027319 1027321
1027319 1027321
1027319 1027321
1027319 1027321
1027319 1027321
1027319 1027321
1027319 1027321
1027319 1027321
1027319 1027321
1027319 1027321
1027487 1027489
1027487 1027489
1027487 1027489
1027487 1027489
1027487 1027489
1027487 1027489
1027487 1027489
1027487 1027489
1027487 1027489
1027487 1027489
1027487 1027489
1027487 1027489
1027487 1027489
1027487 1027489
1027487 1027489
1027487 1027489
1027487 1027489
1027547 1027549
1027547 1027549
1027547 1027549
1027547 1027549
1027547 1027549
1027547 1027549
1027751 1027753
1027751 1027753
1027751 1027753
1027751 1027753
1027751 1027753
1027751 1027753
1027751 1027753
1027751 1027753
1027751 1027753
1027751 1027753
1027751 1027753
1027751 1027753
1027751 1027753
1027751 1027753
1027751 1027753
1027751 1027753
1027751 1027753
1027751 1027753
1027751 1027753
1027751 1027753
1027751 1027753
1028099 1028101
1028099 1028101
1028099 1028101
1028099 1028101
1028099 1028101
1028099 1028101
1028099 1028101
1028099 1028101
1028099 1028101
1028099 1028101
1028099 1028101
1028099 1028101
1028099 1028101
1028099 1028101
1028099 1028101
1028099 1028101
1028099 1028101
1028099 1028101
1028099 1028101
1028099 1028101
1028099 1028101
1028099 1028101
1028099 1028101
1028099 1028101
1028099 1028101
1028099 1028101
1028099 1028101
1028099 1028101
1028099 1028101
1028099 1028101
1028099 1028101
1028099 1028101
1028099 1028101
1028099 1028101
1028189 1028191
1028189 1028191
1028189 1028191
1028189 1028191
1028189 1028191
1028189 1028191
1028189 1028191
1028189 1028191
1028189 1028191
1028327 1028329
1028327 1028329
1028327 1028329
1028327 1028329
1028327 1028329
1028327 1028329
1028327 1028329
1028327 1028329
1028327 1028329
1028327 1028329
1028327 1028329
1028327 1028329
1028327 1028329
1028327 1028329
1028471 1028473
1028471 1028473
1028471 1028473
1028471 1028473
1028471 1028473
1028471 1028473
1028471 1028473
1028471 1028473
1028471 1028473
1028471 1028473
1028471 1028473
1028471 1028473
1028471 1028473
1028471 1028473
1028471 1028473
1028579 1028581
1028579 1028581
1028579 1028581
1028579 1028581
1028579 1028581
1028579 1028581
1028579 1028581
1028579 1028581
1028579 1028581
1028579 1028581
1028681 1028683
1028681 1028683
1028681 1028683
1028681 1028683
1028681 1028683
1028681 1028683
1028681 1028683
1028681 1028683
1028681 1028683
1028681 1028683
1028681 1028683
1028747 1028749
1028747 1028749
1028747 1028749
1028747 1028749
1028747 1028749
1028747 1028749
1028939 1028941
1028939 1028941
1028939 1028941
1028939 1028941
1028939 1028941
1028939 1028941
1028939 1028941
1028939 1028941
1028939 1028941
1028939 1028941
1028939 1028941
1028939 1028941
1028939 1028941
1028939 1028941
1028939 1028941
1028939 1028941
1028939 1028941
1028939 1028941
1028939 1028941
1028999 1029001
1028999 1029001
1028999 1029001
1028999 1029001
1028999 1029001
1028999 1029001
1029359 1029361
1029359 1029361
1029359 1029361
1029359 1029361
1029359 1029361
1029359 1029361
1029359 1029361
1029359 1029361
1029359 1029361
1029359 1029361
1029359 1029361
1029359 1029361
1029359 1029361
1029359 1029361
1029359 1029361
1029359 1029361
1029359 1029361
1029359 1029361
1029359 1029361
1029359 1029361
1029359 1029361
1029359 1029361
1029359 1029361
1029359 1029361
1029359 1029361
1029359 1029361
1029359 1029361
1029359 1029361
1029359 1029361
1029359 1029361
1029359 1029361
1029359 1029361
1029359 1029361
1029359 1029361
1029359 1029361
1029359 1029361
1029407 1029409
1029407 1029409
1029407 1029409
1029407 1029409
1029407 1029409
1029839 1029841
1029839 1029841
1029839 1029841
1029839 1029841
1029839 1029841
1029839 1029841
1029839 1029841
1029839 1029841
1029839 1029841
1029839 1029841
1029839 1029841
1029839 1029841
1029839 1029841
1029839 1029841
1029839 1029841
1029839 1029841
1029839 1029841
1029839 1029841
1029839 1029841
1029839 1029841
1029839 1029841
1029839 1029841
1029839 1029841
1029839 1029841
1029839 1029841
1029839 1029841
1029839 1029841
1029839 1029841
1029839 1029841
1029839 1029841
1029839 1029841
1029839 1029841
1029839 1029841
1029839 1029841
1029839 1029841
1029839 1029841
1029839 1029841
1029839 1029841
1029839 1029841
1029839 1029841
1029839 1029841
1029839 1029841
1029839 1029841
1029881 1029883
1029881 1029883
1029881 1029883
1029881 1029883
1029881 1029883
1030019 1030021
1030019 1030021
1030019 1030021
1030019 1030021
1030019 1030021
1030019 1030021
1030019 1030021
1030019 1030021
1030019 1030021
1030019 1030021
1030019 1030021
1030019 1030021
1030019 1030021
1030031 1030033
1030031 1030033
1030067 1030069
1030067 1030069
1030067 1030069
1030439 1030441
1030439 1030441
1030439 1030441
1030439 1030441
1030439 1030441
1030439 1030441
1030439 1030441
1030439 1030441
1030439 1030441
1030439 1030441
1030439 1030441
1030439 1030441
1030439 1030441
1030439 1030441
1030439 1030441
1030439 1030441
1030439 1030441
1030439 1030441
1030439 1030441
1030439 1030441
1030439 1030441
1030439 1030441
1030439 1030441
1030439 1030441
1030439 1030441
1030439 1030441
1030439 1030441
1030439 1030441
1030439 1030441
1030439 1030441
1030439 1030441
1030439 1030441
1030439 1030441
1030439 1030441
1030439 1030441
1030439 1030441
1030439 1030441
1030637 1030639
1030637 1030639
1030637 1030639
1030637 1030639
1030637 1030639
1030637 1030639
1030637 1030639
1030637 1030639
1030637 1030639
1030637 1030639
1030637 1030639
1030637 1030639
1030637 1030639
1030637 1030639
1030637 1030639
1030637 1030639
1030637 1030639
1030637 1030639
1030637 1030639
1030637 1030639
1030739 1030741
1030739 1030741
1030739 1030741
1030739 1030741
1030739 1030741
1030739 1030741
1030739 1030741
1030739 1030741
1030739 1030741
1030739 1030741
1030949 1030951
1030949 1030951
1030949 1030951
1030949 1030951
1030949 1030951
1030949 1030951
1030949 1030951
1030949 1030951
1030949 1030951
1030949 1030951
1030949 1030951
1030949 1030951
1030949 1030951
1030949 1030951
1030949 1030951
1030949 1030951
1030949 1030951
1030949 1030951
1030949 1030951
1030949 1030951
1030949 1030951
1031117 1031119
1031117 1031119
1031117 1031119
1031117 1031119
1031117 1031119
1031117 1031119
1031117 1031119
1031117 1031119
1031117 1031119
1031117 1031119
1031117 1031119
1031117 1031119
1031117 1031119
1031117 1031119
1031117 1031119
1031117 1031119
1031117 1031119
1031279 1031281
1031279 1031281
1031279 1031281
1031279 1031281
1031279 1031281
1031279 1031281
1031279 1031281
1031279 1031281
1031279 1031281
1031279 1031281
1031279 1031281
1031279 1031281
1031279 1031281
1031279 1031281
1031279 1031281
1031279 1031281
1031411 1031413
1031411 1031413
1031411 1031413
1031411 1031413
1031411 1031413
1031411 1031413
1031411 1031413
1031411 1031413
1031411 1031413
1031411 1031413
1031411 1031413
1031411 1031413
1031411 1031413
1031411 1031413
1031477 1031479
1031477 1031479
1031477 1031479
1031477 1031479
1031477 1031479
1031477 1031479
1031531 1031533
1031531 1031533
1031531 1031533
1031531 1031533
1031531 1031533
1031531 1031533
1031729 1031731
1031729 1031731
1031729 1031731
1031729 1031731
1031729 1031731
1031729 1031731
1031729 1031731
1031729 1031731
1031729 1031731
1031729 1031731
1031729 1031731
1031729 1031731
1031729 1031731
1031729 1031731
1031729 1031731
1031729 1031731
1031729 1031731
1031729 1031731
1031729 1031731
1031759 1031761
1031759 1031761
1031759 1031761
1032047 1032049
1032047 1032049
1032047 1032049
1032047 1032049
1032047 1032049
1032047 1032049
1032047 1032049
1032047 1032049
1032047 1032049
1032047 1032049
1032047 1032049
1032047 1032049
1032047 1032049
1032047 1032049
1032047 1032049
1032047 1032049
1032047 1032049
1032047 1032049
1032047 1032049
1032047 1032049
1032047 1032049
1032047 1032049
1032047 1032049
1032047 1032049
1032047 1032049
1032047 1032049
1032047 1032049
1032047 1032049
1032047 1032049
1032191 1032193
1032191 1032193
1032191 1032193
1032191 1032193
1032191 1032193
1032191 1032193
1032191 1032193
1032191 1032193
1032191 1032193
1032191 1032193
1032191 1032193
1032191 1032193
1032191 1032193
1032191 1032193
1032191 1032193
1032347 1032349
1032347 1032349
1032347 1032349
1032347 1032349
1032347 1032349
1032347 1032349
1032347 1032349
1032347 1032349
1032347 1032349
1032347 1032349
1032347 1032349
1032347 1032349
1032347 1032349
1032347 1032349
1032347 1032349
1032509 1032511
1032509 1032511
1032509 1032511
1032509 1032511
1032509 1032511
1032509 1032511
1032509 1032511
1032509 1032511
1032509 1032511
1032509 1032511
1032509 1032511
1032509 1032511
1032509 1032511
1032509 1032511
1032509 1032511
1032509 1032511
1032839 1032841
1032839 1032841
1032839 1032841
1032839 1032841
1032839 1032841
1032839 1032841
1032839 1032841
1032839 1032841
1032839 1032841
1032839 1032841
1032839 1032841
1032839 1032841
1032839 1032841
1032839 1032841
1032839 1032841
1032839 1032841
1032839 1032841
1032839 1032841
1032839 1032841
1032839 1032841
1032839 1032841
1032839 1032841
1032839 1032841
1032839 1032841
1032839 1032841
1032839 1032841
1032839 1032841
1032839 1032841
1032839 1032841
1032839 1032841
1032839 1032841
1032839 1032841
1032839 1032841
1032851 1032853
1032851 1032853
1032959 1032961
1032959 1032961
1032959 1032961
1032959 1032961
1032959 1032961
1032959 1032961
1032959 1032961
1032959 1032961
1032959 1032961
1032959 1032961
1033061 1033063
1033061 1033063
1033061 1033063
1033061 1033063
1033061 1033063
1033061 1033063
1033061 1033063
1033061 1033063
1033061 1033063
1033061 1033063
1033061 1033063
1033271 1033273
1033271 1033273
1033271 1033273
1033271 1033273
1033271 1033273
1033271 1033273
1033271 1033273
1033271 1033273
1033271 1033273
1033271 1033273
1033271 1033273
1033271 1033273
1033271 1033273
1033271 1033273
1033271 1033273
1033271 1033273
1033271 1033273
1033271 1033273
1033271 1033273
1033271 1033273
1033271 1033273
1033337 1033339
1033337 1033339
1033337 1033339
1033337 1033339
1033337 1033339
1033337 1033339
1033421 1033423
1033421 1033423
1033421 1033423
1033421 1033423
1033421 1033423
1033421 1033423
1033421 1033423
1033421 1033423
1033421 1033423
1033601 1033603
1033601 1033603
1033601 1033603
1033601 1033603
1033601 1033603
1033601 1033603
1033601 1033603
1033601 1033603
1033601 1033603
1033601 1033603
1033601 1033603
1033601 1033603
1033601 1033603
1033601 1033603
1033601 1033603
1033601 1033603
1033601 1033603
1033601 1033603
1033661 1033663
1033661 1033663
1033661 1033663
1033661 1033663
1033661 1033663
1033661 1033663
1033841 1033843
1033841 1033843
1033841 1033843
1033841 1033843
1033841 1033843
1033841 1033843
1033841 1033843
1033841 1033843
1033841 1033843
1033841 1033843
1033841 1033843
1033841 1033843
1033841 1033843
1033841 1033843
1033841 1033843
1033841 1033843
1033841 1033843
1033841 1033843
1034027 1034029
1034027 1034029
1034027 1034029
1034027 1034029
1034027 1034029
1034027 1034029
1034027 1034029
1034027 1034029
1034027 1034029
1034027 1034029
1034027 1034029
1034027 1034029
1034027 1034029
1034027 1034029
1034027 1034029
1034027 1034029
1034027 1034029
1034027 1034029
1034069 1034071
1034069 1034071
1034069 1034071
1034069 1034071
1034219 1034221
1034219 1034221
1034219 1034221
1034219 1034221
1034219 1034221
1034219 1034221
1034219 1034221
1034219 1034221
1034219 1034221
1034219 1034221
1034219 1034221
1034219 1034221
1034219 1034221
1034219 1034221
1034219 1034221
1034237 1034239
1034237 1034239
1034249 1034251
1034357 1034359
1034357 1034359
1034357 1034359
1034357 1034359
1034357 1034359
1034357 1034359
1034357 1034359
1034357 1034359
1034357 1034359
1034357 1034359
1034357 1034359
1034477 1034479
1034477 1034479
1034477 1034479
1034477 1034479
1034477 1034479
1034477 1034479
1034477 1034479
1034477 1034479
1034477 1034479
1034477 1034479
1034477 1034479
1034477 1034479
1034489 1034491
1034597 1034599
1034597 1034599
1034597 1034599
1034597 1034599
1034597 1034599
1034597 1034599
1034597 1034599
1034597 1034599
1034597 1034599
1034597 1034599
1034597 1034599
1034651 1034653
1034651 1034653
1034651 1034653
1034651 1034653
1034651 1034653
1034651 1034653
1034729 1034731
1034729 1034731
1034729 1034731
1034729 1034731
1034729 1034731
1034729 1034731
1034729 1034731
1034861 1034863
1034861 1034863
1034861 1034863
1034861 1034863
1034861 1034863
1034861 1034863
1034861 1034863
1034861 1034863
1034861 1034863
1034861 1034863
1034861 1034863
1034861 1034863
1034861 1034863
1034861 1034863
1034951 1034953
1034951 1034953
1034951 1034953
1034951 1034953
1034951 1034953
1034951 1034953
1034951 1034953
1034951 1034953
1034951 1034953
1035341 1035343
1035341 1035343
1035341 1035343
1035341 1035343
1035341 1035343
1035341 1035343
1035341 1035343
1035341 1035343
1035341 1035343
1035341 1035343
1035341 1035343
1035341 1035343
1035341 1035343
1035341 1035343
1035341 1035343
1035341 1035343
1035341 1035343
1035341 1035343
1035341 1035343
1035341 1035343
1035341 1035343
1035341 1035343
1035341 1035343
1035341 1035343
1035341 1035343
1035341 1035343
1035341 1035343
1035341 1035343
1035341 1035343
1035341 1035343
1035341 1035343
1035341 1035343
1035341 1035343
1035341 1035343
1035341 1035343
1035341 1035343
1035341 1035343
1035341 1035343
1035341 1035343
1035449 1035451
1035449 1035451
1035449 1035451
1035449 1035451
1035449 1035451
1035449 1035451
1035449 1035451
1035449 1035451
1035449 1035451
1035449 1035451
1035467 1035469
1035467 1035469
1035761 1035763
1035761 1035763
1035761 1035763
1035761 1035763
1035761 1035763
1035761 1035763
1035761 1035763
1035761 1035763
1035761 1035763
1035761 1035763
1035761 1035763
1035761 1035763
1035761 1035763
1035761 1035763
1035761 1035763
1035761 1035763
1035761 1035763
1035761 1035763
1035761 1035763
1035761 1035763
1035761 1035763
1035761 1035763
1035761 1035763
1035761 1035763
1035761 1035763
1035761 1035763
1035761 1035763
1035761 1035763
1035761 1035763
1035761 1035763
1036001 1036003
1036001 1036003
1036001 1036003
1036001 1036003
1036001 1036003
1036001 1036003
1036001 1036003
1036001 1036003
1036001 1036003
1036001 1036003
1036001 1036003
1036001 1036003
1036001 1036003
1036001 1036003
1036001 1036003
1036001 1036003
1036001 1036003
1036001 1036003
1036001 1036003
1036001 1036003
1036001 1036003
1036001 1036003
1036001 1036003
1036001 1036003
1036067 1036069
1036067 1036069
1036067 1036069
1036067 1036069
1036067 1036069
1036067 1036069
1036247 1036249
1036247 1036249
1036247 1036249
1036247 1036249
1036247 1036249
1036247 1036249
1036247 1036249
1036247 1036249
1036247 1036249
1036247 1036249
1036247 1036249
1036247 1036249
1036247 1036249
1036247 1036249
1036247 1036249
1036247 1036249
1036247 1036249
1036247 1036249
1036349 1036351
1036349 1036351
1036349 1036351
1036349 1036351
1036349 1036351
1036349 1036351
1036349 1036351
1036349 1036351
1036349 1036351
1036349 1036351
1036367 1036369
1036367 1036369
1036667 1036669
1036667 1036669
1036667 1036669
1036667 1036669
1036667 1036669
1036667 1036669
1036667 1036669
1036667 1036669
1036667 1036669
1036667 1036669
1036667 1036669
1036667 1036669
1036667 1036669
1036667 1036669
1036667 1036669
1036667 1036669
1036667 1036669
1036667 1036669
1036667 1036669
1036667 1036669
1036667 1036669
1036667 1036669
1036667 1036669
1036667 1036669
1036667 1036669
1036667 1036669
1036667 1036669
1036667 1036669
1036667 1036669
1036667 1036669
1036757 1036759
1036757 1036759
1036757 1036759
1036757 1036759
1036757 1036759
1036757 1036759
1036757 1036759
1036757 1036759
1036757 1036759
1036829 1036831
1036829 1036831
1036829 1036831
1036829 1036831
1036829 1036831
1036829 1036831
1036829 1036831
1036991 1036993
1036991 1036993
1036991 1036993
1036991 1036993
1036991 1036993
1036991 1036993
1036991 1036993
1036991 1036993
1036991 1036993
1036991 1036993
1036991 1036993
1036991 1036993
1036991 1036993
1036991 1036993
1036991 1036993
1036991 1036993
1036991 1036993
1037087 1037089
1037087 1037089
1037087 1037089
1037087 1037089
1037087 1037089
1037087 1037089
1037087 1037089
1037087 1037089
1037087 1037089
1037327 1037329
1037327 1037329
1037327 1037329
1037327 1037329
1037327 1037329
1037327 1037329
1037327 1037329
1037327 1037329
1037327 1037329
1037327 1037329
1037327 1037329
1037327 1037329
1037327 1037329
1037327 1037329
1037327 1037329
1037327 1037329
1037327 1037329
1037327 1037329
1037327 1037329
1037327 1037329
1037327 1037329
1037327 1037329
1037327 1037329
1037327 1037329
1037681 1037683
1037681 1037683
1037681 1037683
1037681 1037683
1037681 1037683
1037681 1037683
1037681 1037683
1037681 1037683
1037681 1037683
1037681 1037683
1037681 1037683
1037681 1037683
1037681 1037683
1037681 1037683
1037681 1037683
1037681 1037683
1037681 1037683
1037681 1037683
1037681 1037683
1037681 1037683
1037681 1037683
1037681 1037683
1037681 1037683
1037681 1037683
1037681 1037683
1037681 1037683
1037681 1037683
1037681 1037683
1037681 1037683
1037681 1037683
1037681 1037683
1037681 1037683
1037681 1037683
1037681 1037683
1037681 1037683
1037681 1037683
1038017 1038019
1038017 1038019
1038017 1038019
1038017 1038019
1038017 1038019
1038017 1038019
1038017 1038019
1038017 1038019
1038017 1038019
1038017 1038019
1038017 1038019
1038017 1038019
1038017 1038019
1038017 1038019
1038017 1038019
1038017 1038019
1038017 1038019
1038017 1038019
1038017 1038019
1038017 1038019
1038017 1038019
1038017 1038019
1038017 1038019
1038017 1038019
1038017 1038019
1038017 1038019
1038017 1038019
1038017 1038019
1038017 1038019
1038017 1038019
1038017 1038019
1038017 1038019
1038017 1038019
1038041 1038043
1038041 1038043
1038041 1038043
1038209 1038211
1038209 1038211
1038209 1038211
1038209 1038211
1038209 1038211
1038209 1038211
1038209 1038211
1038209 1038211
1038209 1038211
1038209 1038211
1038209 1038211
1038209 1038211
1038209 1038211
1038209 1038211
1038209 1038211
1038209 1038211
1038251 1038253
1038251 1038253
1038251 1038253
1038251 1038253
1038251 1038253
1038599 1038601
1038599 1038601
1038599 1038601
1038599 1038601
1038599 1038601
1038599 1038601
1038599 1038601
1038599 1038601
1038599 1038601
1038599 1038601
1038599 1038601
1038599 1038601
1038599 1038601
1038599 1038601
1038599 1038601
1038599 1038601
1038599 1038601
1038599 1038601
1038599 1038601
1038599 1038601
1038599 1038601
1038599 1038601
1038599 1038601
1038599 1038601
1038599 1038601
1038599 1038601
1038599 1038601
1038599 1038601
1038599 1038601
1038599 1038601
1038599 1038601
1038599 1038601
1038599 1038601
1038599 1038601
1038617 1038619
1038617 1038619
1038689 1038691
1038689 1038691
1038689 1038691
1038689 1038691
1038689 1038691
1038689 1038691
1038689 1038691
1039037 1039039
1039037 1039039
1039037 1039039
1039037 1039039
1039037 1039039
1039037 1039039
1039037 1039039
1039037 1039039
1039037 1039039
1039037 1039039
1039037 1039039
1039037 1039039
1039037 1039039
1039037 1039039
1039037 1039039
1039037 1039039
1039037 1039039
1039037 1039039
1039037 1039039
1039037 1039039
1039037 1039039
1039037 1039039
1039037 1039039
1039037 1039039
1039037 1039039
1039037 1039039
1039037 1039039
1039037 1039039
1039037 1039039
1039037 1039039
1039037 1039039
1039037 1039039
1039037 1039039
1039037 1039039
1039037 1039039
1039067 1039069
1039067 1039069
1039067 1039069
1039109 1039111
1039109 1039111
1039109 1039111
1039109 1039111
1039349 1039351
1039349 1039351
1039349 1039351
1039349 1039351
1039349 1039351
1039349 1039351
1039349 1039351
1039349 1039351
1039349 1039351
1039349 1039351
1039349 1039351
1039349 1039351
1039349 1039351
1039349 1039351
1039349 1039351
1039349 1039351
1039349 1039351
1039349 1039351
1039349 1039351
1039349 1039351
1039349 1039351
1039349 1039351
1039349 1039351
1039349 1039351
1039427 1039429
1039427 1039429
1039427 1039429
1039427 1039429
1039427 1039429
1039427 1039429
1039427 1039429
1039427 1039429
1040057 1040059
1040057 1040059
1040057 1040059
1040057 1040059
1040057 1040059
1040057 1040059
1040057 1040059
1040057 1040059
1040057 1040059
1040057 1040059
1040057 1040059
1040057 1040059
1040057 1040059
1040057 1040059
1040057 1040059
1040057 1040059
1040057 1040059
1040057 1040059
1040057 1040059
1040057 1040059
1040057 1040059
1040057 1040059
1040057 1040059
1040057 1040059
1040057 1040059
1040057 1040059
1040057 1040059
1040057 1040059
1040057 1040059
1040057 1040059
1040057 1040059
1040057 1040059
1040057 1040059
1040057 1040059
1040057 1040059
1040057 1040059
1040057 1040059
1040057 1040059
1040057 1040059
1040057 1040059
1040057 1040059
1040057 1040059
1040057 1040059
1040057 1040059
1040057 1040059
1040057 1040059
1040057 1040059
1040057 1040059
1040057 1040059
1040057 1040059
1040057 1040059
1040057 1040059
1040057 1040059
1040057 1040059
1040057 1040059
1040057 1040059
1040057 1040059
1040057 1040059
1040057 1040059
1040057 1040059
1040057 1040059
1040057 1040059
1040057 1040059
1040069 1040071
1040159 1040161
1040159 1040161
1040159 1040161
1040159 1040161
1040159 1040161
1040159 1040161
1040159 1040161
1040159 1040161
1040159 1040161
1040189 1040191
1040189 1040191
1040189 1040191
1040447 1040449
1040447 1040449
1040447 1040449
1040447 1040449
1040447 1040449
1040447 1040449
1040447 1040449
1040447 1040449
1040447 1040449
1040447 1040449
1040447 1040449
1040447 1040449
1040447 1040449
1040447 1040449
1040447 1040449
1040447 1040449
1040447 1040449
1040447 1040449
1040447 1040449
1040447 1040449
1040447 1040449
1040447 1040449
1040447 1040449
1040447 1040449
1040447 1040449
1040447 1040449
1040579 1040581
1040579 1040581
1040579 1040581
1040579 1040581
1040579 1040581
1040579 1040581
1040579 1040581
1040579 1040581
1040579 1040581
1040579 1040581
1040579 1040581
1040579 1040581
1040579 1040581
1040657 1040659
1040657 1040659
1040657 1040659
1040657 1040659
1040657 1040659
1040657 1040659
1040657 1040659
1040657 1040659
1040747 1040749
1040747 1040749
1040747 1040749
1040747 1040749
1040747 1040749
1040747 1040749
1040747 1040749
1040747 1040749
1040747 1040749
1040777 1040779
1040777 1040779
1040777 1040779
1041119 1041121
1041119 1041121
1041119 1041121
1041119 1041121
1041119 1041121
1041119 1041121
1041119 1041121
1041119 1041121
1041119 1041121
1041119 1041121
1041119 1041121
1041119 1041121
1041119 1041121
1041119 1041121
1041119 1041121
1041119 1041121
1041119 1041121
1041119 1041121
1041119 1041121
1041119 1041121
1041119 1041121
1041119 1041121
1041119 1041121
1041119 1041121
1041119 1041121
1041119 1041121
1041119 1041121
1041119 1041121
1041119 1041121
1041119 1041121
1041119 1041121
1041119 1041121
1041119 1041121
1041119 1041121
1041149 1041151
1041149 1041151
1041149 1041151
1041167 1041169
1041167 1041169
1041221 1041223
1041221 1041223
1041221 1041223
1041221 1041223
1041221 1041223
1041221 1041223
1041239 1041241
1041281 1041283
1041281 1041283
1041281 1041283
1041281 1041283
1041281 1041283
1041449 1041451
1041449 1041451
1041449 1041451
1041449 1041451
1041449 1041451
1041449 1041451
1041449 1041451
1041449 1041451
1041449 1041451
1041449 1041451
1041449 1041451
1041449 1041451
1041449 1041451
1041449 1041451
1041449 1041451
1041449 1041451
1041617 1041619
1041617 1041619
1041617 1041619
1041617 1041619
1041617 1041619
1041617 1041619
1041617 1041619
1041617 1041619
1041617 1041619
1041617 1041619
1041617 1041619
1041617 1041619
1041617 1041619
1041617 1041619
1041617 1041619
1041617 1041619
1041617 1041619
1041671 1041673
1041671 1041673
1041671 1041673
1041671 1041673
1041671 1041673
1041671 1041673
1042121 1042123
1042121 1042123
1042121 1042123
1042121 1042123
1042121 1042123
1042121 1042123
1042121 1042123
1042121 1042123
1042121 1042123
1042121 1042123
1042121 1042123
1042121 1042123
1042121 1042123
1042121 1042123
1042121 1042123
1042121 1042123
1042121 1042123
1042121 1042123
1042121 1042123
1042121 1042123
1042121 1042123
1042121 1042123
1042121 1042123
1042121 1042123
1042121 1042123
1042121 1042123
1042121 1042123
1042121 1042123
1042121 1042123
1042121 1042123
1042121 1042123
1042121 1042123
1042121 1042123
1042121 1042123
1042121 1042123
1042121 1042123
1042121 1042123
1042121 1042123
1042121 1042123
1042121 1042123
1042121 1042123
1042121 1042123
1042121 1042123
1042121 1042123
1042121 1042123
1042241 1042243
1042241 1042243
1042241 1042243
1042241 1042243
1042241 1042243
1042241 1042243
1042241 1042243
1042241 1042243
1042241 1042243
1042241 1042243
1042241 1042243
1042241 1042243
1042271 1042273
1042271 1042273
1042271 1042273
1042331 1042333
1042331 1042333
1042331 1042333
1042331 1042333
1042331 1042333
1042331 1042333
1042607 1042609
1042607 1042609
1042607 1042609
1042607 1042609
1042607 1042609
1042607 1042609
1042607 1042609
1042607 1042609
1042607 1042609
1042607 1042609
1042607 1042609
1042607 1042609
1042607 1042609
1042607 1042609
1042607 1042609
1042607 1042609
1042607 1042609
1042607 1042609
1042607 1042609
1042607 1042609
1042607 1042609
1042607 1042609
1042607 1042609
1042607 1042609
1042607 1042609
1042607 1042609
1042607 1042609
1042631 1042633
1042631 1042633
1042631 1042633
1042901 1042903
1042901 1042903
1042901 1042903
1042901 1042903
1042901 1042903
1042901 1042903
1042901 1042903
1042901 1042903
1042901 1042903
1042901 1042903
1042901 1042903
1042901 1042903
1042901 1042903
1042901 1042903
1042901 1042903
1042901 1042903
1042901 1042903
1042901 1042903
1042901 1042903
1042901 1042903
1042901 1042903
1042901 1042903
1042901 1042903
1042901 1042903
1042901 1042903
1042901 1042903
1042901 1042903
1043111 1043113
1043111 1043113
1043111 1043113
1043111 1043113
1043111 1043113
1043111 1043113
1043111 1043113
1043111 1043113
1043111 1043113
1043111 1043113
1043111 1043113
1043111 1043113
1043111 1043113
1043111 1043113
1043111 1043113
1043111 1043113
1043111 1043113
1043111 1043113
1043111 1043113
1043111 1043113
1043111 1043113
1043291 1043293
1043291 1043293
1043291 1043293
1043291 1043293
1043291 1043293
1043291 1043293
1043291 1043293
1043291 1043293
1043291 1043293
1043291 1043293
1043291 1043293
1043291 1043293
1043291 1043293
1043291 1043293
1043291 1043293
1043291 1043293
1043291 1043293
1043291 1043293
1043591 1043593
1043591 1043593
1043591 1043593
1043591 1043593
1043591 1043593
1043591 1043593
1043591 1043593
1043591 1043593
1043591 1043593
1043591 1043593
1043591 1043593
1043591 1043593
1043591 1043593
1043591 1043593
1043591 1043593
1043591 1043593
1043591 1043593
1043591 1043593
1043591 1043593
1043591 1043593
1043591 1043593
1043591 1043593
1043591 1043593
1043591 1043593
1043591 1043593
1043591 1043593
1043591 1043593
1043591 1043593
1043591 1043593
1043591 1043593
1043759 1043761
1043759 1043761
1043759 1043761
1043759 1043761
1043759 1043761
1043759 1043761
1043759 1043761
1043759 1043761
1043759 1043761
1043759 1043761
1043759 1043761
1043759 1043761
1043759 1043761
1043759 1043761
1043759 1043761
1043759 1043761
1043837 1043839
1043837 1043839
1043837 1043839
1043837 1043839
1043837 1043839
1043837 1043839
1043837 1043839
1043837 1043839
1043897 1043899
1043897 1043899
1043897 1043899
1043897 1043899
1043897 1043899
1043897 1043899
1043921 1043923
1043921 1043923
1043921 1043923
1044179 1044181
1044179 1044181
1044179 1044181
1044179 1044181
1044179 1044181
1044179 1044181
1044179 1044181
1044179 1044181
1044179 1044181
1044179 1044181
1044179 1044181
1044179 1044181
1044179 1044181
1044179 1044181
1044179 1044181
1044179 1044181
1044179 1044181
1044179 1044181
1044179 1044181
1044179 1044181
1044179 1044181
1044179 1044181
1044179 1044181
1044179 1044181
1044179 1044181
1044287 1044289
1044287 1044289
1044287 1044289
1044287 1044289
1044287 1044289
1044287 1044289
1044287 1044289
1044287 1044289
1044287 1044289
1044287 1044289
1044287 1044289
1044737 1044739
1044737 1044739
1044737 1044739
1044737 1044739
1044737 1044739
1044737 1044739
1044737 1044739
1044737 1044739
1044737 1044739
1044737 1044739
1044737 1044739
1044737 1044739
1044737 1044739
1044737 1044739
1044737 1044739
1044737 1044739
1044737 1044739
1044737 1044739
1044737 1044739
1044737 1044739
1044737 1044739
1044737 1044739
1044737 1044739
1044737 1044739
1044737 1044739
1044737 1044739
1044737 1044739
1044737 1044739
1044737 1044739
1044737 1044739
1044737 1044739
1044737 1044739
1044737 1044739
1044737 1044739
1044737 1044739
1044737 1044739
1044737 1044739
1044737 1044739
1044737 1044739
1044737 1044739
1044737 1044739
1044737 1044739
1044737 1044739
1044737 1044739
1044737 1044739
1044749 1044751
1044779 1044781
1044779 1044781
1044779 1044781
1044809 1044811
1044809 1044811
1044809 1044811
1045061 1045063
1045061 1045063
1045061 1045063
1045061 1045063
1045061 1045063
1045061 1045063
1045061 1045063
1045061 1045063
1045061 1045063
1045061 1045063
1045061 1045063
1045061 1045063
1045061 1045063
1045061 1045063
1045061 1045063
1045061 1045063
1045061 1045063
1045061 1045063
1045061 1045063
1045061 1045063
1045061 1045063
1045061 1045063
1045061 1045063
1045061 1045063
1045061 1045063
1045061 1045063
1045151 1045153
1045151 1045153
1045151 1045153
1045151 1045153
1045151 1045153
1045151 1045153
1045151 1045153
1045151 1045153
1045151 1045153
1045307 1045309
1045307 1045309
1045307 1045309
1045307 1045309
1045307 1045309
1045307 1045309
1045307 1045309
1045307 1045309
1045307 1045309
1045307 1045309
1045307 1045309
1045307 1045309
1045307 1045309
1045307 1045309
1045307 1045309
1045391 1045393
1045391 1045393
1045391 1045393
1045391 1045393
1045391 1045393
1045391 1045393
1045391 1045393
1045391 1045393
1045391 1045393
1045409 1045411
1045547 1045549
1045547 1045549
1045547 1045549
1045547 1045549
1045547 1045549
1045547 1045549
1045547 1045549
1045547 1045549
1045547 1045549
1045547 1045549
1045547 1045549
1045547 1045549
1045547 1045549
1045547 1045549
1045571 1045573
1045571 1045573
1045571 1045573
1045727 1045729
1045727 1045729
1045727 1045729
1045727 1045729
1045727 1045729
1045727 1045729
1045727 1045729
1045727 1045729
1045727 1045729
1045727 1045729
1045727 1045729
1045727 1045729
1045727 1045729
1045727 1045729
1045727 1045729
1045799 1045801
1045799 1045801
1045799 1045801
1045799 1045801
1045799 1045801
1045799 1045801
1045799 1045801
1046051 1046053
1046051 1046053
1046051 1046053
1046051 1046053
1046051 1046053
1046051 1046053
1046051 1046053
1046051 1046053
1046051 1046053
1046051 1046053
1046051 1046053
1046051 1046053
1046051 1046053
1046051 1046053
1046051 1046053
1046051 1046053
1046051 1046053
1046051 1046053
1046051 1046053
1046051 1046053
1046051 1046053
1046051 1046053
1046051 1046053
1046051 1046053
1046051 1046053
1046051 1046053
1046189 1046191
1046189 1046191
1046189 1046191
1046189 1046191
1046189 1046191
1046189 1046191
1046189 1046191
1046189 1046191
1046189 1046191
1046189 1046191
1046189 1046191
1046189 1046191
1046189 1046191
1046237 1046239
1046237 1046239
1046237 1046239
1046237 1046239
1046237 1046239
1046369 1046371
1046369 1046371
1046369 1046371
1046369 1046371
1046369 1046371
1046369 1046371
1046369 1046371
1046369 1046371
1046369 1046371
1046369 1046371
1046369 1046371
1046369 1046371
1046369 1046371
1046447 1046449
1046447 1046449
1046447 1046449
1046447 1046449
1046447 1046449
1046447 1046449
1046447 1046449
1046447 1046449
1046597 1046599
1046597 1046599
1046597 1046599
1046597 1046599
1046597 1046599
1046597 1046599
1046597 1046599
1046597 1046599
1046597 1046599
1046597 1046599
1046597 1046599
1046597 1046599
1046597 1046599
1046597 1046599
1046597 1046599
1046657 1046659
1046657 1046659
1046657 1046659
1046657 1046659
1046657 1046659
1046657 1046659
1047041 1047043
1047041 1047043
1047041 1047043
1047041 1047043
1047041 1047043
1047041 1047043
1047041 1047043
1047041 1047043
1047041 1047043
1047041 1047043
1047041 1047043
1047041 1047043
1047041 1047043
1047041 1047043
1047041 1047043
1047041 1047043
1047041 1047043
1047041 1047043
1047041 1047043
1047041 1047043
1047041 1047043
1047041 1047043
1047041 1047043
1047041 1047043
1047041 1047043
1047041 1047043
1047041 1047043
1047041 1047043
1047041 1047043
1047041 1047043
1047041 1047043
1047041 1047043
1047041 1047043
1047041 1047043
1047041 1047043
1047041 1047043
1047041 1047043
1047041 1047043
1047041 1047043
1047131 1047133
1047131 1047133
1047131 1047133
1047131 1047133
1047131 1047133
1047131 1047133
1047131 1047133
1047131 1047133
1047131 1047133
1047197 1047199
1047197 1047199
1047197 1047199
1047197 1047199
1047197 1047199
1047197 1047199
1047281 1047283
1047281 1047283
1047281 1047283
1047281 1047283
1047281 1047283
1047281 1047283
1047281 1047283
1047281 1047283
1047281 1047283
1047311 1047313
1047311 1047313
1047311 1047313
1047467 1047469
1047467 1047469
1047467 1047469
1047467 1047469
1047467 1047469
1047467 1047469
1047467 1047469
1047467 1047469
1047467 1047469
1047467 1047469
1047467 1047469
1047467 1047469
1047467 1047469
1047467 1047469
1047467 1047469
1047587 1047589
1047587 1047589
1047587 1047589
1047587 1047589
1047587 1047589
1047587 1047589
1047587 1047589
1047587 1047589
1047587 1047589
1047587 1047589
1047587 1047589
1047587 1047589
1047647 1047649
1047647 1047649
1047647 1047649
1047647 1047649
1047647 1047649
1047647 1047649
1047689 1047691
1047689 1047691
1047689 1047691
1047689 1047691
1047701 1047703
1047701 1047703
1047881 1047883
1047881 1047883
1047881 1047883
1047881 1047883
1047881 1047883
1047881 1047883
1047881 1047883
1047881 1047883
1047881 1047883
1047881 1047883
1047881 1047883
1047881 1047883
1047881 1047883
1047881 1047883
1047881 1047883
1047881 1047883
1047881 1047883
1047881 1047883
1048007 1048009
1048007 1048009
1048007 1048009
1048007 1048009
1048007 1048009
1048007 1048009
1048007 1048009
1048007 1048009
1048007 1048009
1048007 1048009
1048007 1048009
1048007 1048009
1048049 1048051
1048049 1048051
1048049 1048051
1048049 1048051
1048127 1048129
1048127 1048129
1048127 1048129
1048127 1048129
1048127 1048129
1048127 1048129
1048127 1048129
1048127 1048129
1048217 1048219
1048217 1048219
1048217 1048219
1048217 1048219
1048217 1048219
1048217 1048219
1048217 1048219
1048217 1048219
1048217 1048219
1048571 1048573
1048571 1048573
1048571 1048573
1048571 1048573
1048571 1048573
1048571 1048573
1048571 1048573
1048571 1048573
1048571 1048573
1048571 1048573
1048571 1048573
1048571 1048573
1048571 1048573
1048571 1048573
1048571 1048573
1048571 1048573
1048571 1048573
1048571 1048573
1048571 1048573
1048571 1048573
1048571 1048573
1048571 1048573
1048571 1048573
1048571 1048573
1048571 1048573
1048571 1048573
1048571 1048573
1048571 1048573
1048571 1048573
1048571 1048573
1048571 1048573
1048571 1048573
1048571 1048573
1048571 1048573
1048571 1048573
1048571 1048573
1048889 1048891
1048889 1048891
1048889 1048891
1048889 1048891
1048889 1048891
1048889 1048891
1048889 1048891
1048889 1048891
1048889 1048891
1048889 1048891
1048889 1048891
1048889 1048891
1048889 1048891
1048889 1048891
1048889 1048891
1048889 1048891
1048889 1048891
1048889 1048891
1048889 1048891
1048889 1048891
1048889 1048891
1048889 1048891
1048889 1048891
1048889 1048891
1048889 1048891
1048889 1048891
1048889 1048891
1048889 1048891
1048889 1048891
1048889 1048891
1048889 1048891
1049129 1049131
1049129 1049131
1049129 1049131
1049129 1049131
1049129 1049131
1049129 1049131
1049129 1049131
1049129 1049131
1049129 1049131
1049129 1049131
1049129 1049131
1049129 1049131
1049129 1049131
1049129 1049131
1049129 1049131
1049129 1049131
1049129 1049131
1049129 1049131
1049129 1049131
1049129 1049131
1049129 1049131
1049129 1049131
1049129 1049131
1049129 1049131
1049141 1049143
1049141 1049143
1049171 1049173
1049171 1049173
1049171 1049173
1049471 1049473
1049471 1049473
1049471 1049473
1049471 1049473
1049471 1049473
1049471 1049473
1049471 1049473
1049471 1049473
1049471 1049473
1049471 1049473
1049471 1049473
1049471 1049473
1049471 1049473
1049471 1049473
1049471 1049473
1049471 1049473
1049471 1049473
1049471 1049473
1049471 1049473
1049471 1049473
1049471 1049473
1049471 1049473
1049471 1049473
1049471 1049473
1049471 1049473
1049471 1049473
1049471 1049473
1049471 1049473
1049471 1049473
1049471 1049473
1049681 1049683
1049681 1049683
1049681 1049683
1049681 1049683
1049681 1049683
1049681 1049683
1049681 1049683
1049681 1049683
1049681 1049683
1049681 1049683
1049681 1049683
1049681 1049683
1049681 1049683
1049681 1049683
1049681 1049683
1049681 1049683
1049681 1049683
1049681 1049683
1049681 1049683
1049681 1049683
1049681 1049683
1049861 1049863
1049861 1049863
1049861 1049863
1049861 1049863
1049861 1049863
1049861 1049863
1049861 1049863
1049861 1049863
1049861 1049863
1049861 1049863
1049861 1049863
1049861 1049863
1049861 1049863
1049861 1049863
1049861 1049863
1049861 1049863
1049861 1049863
1049861 1049863
1049897 1049899
1049897 1049899
1049897 1049899
1050011 1050013
1050011 1050013
1050011 1050013
1050011 1050013
1050011 1050013
1050011 1050013
1050011 1050013
1050011 1050013
1050011 1050013
1050011 1050013